9

mercurio.txt
0.0508011 -0.4011642 -0.2195576 0.02231875 0.00485553 0.00027924
0.000000165 1 5 0.008 

venus.txt
0.0655112 -0.6589741 -0.3006194 0.02000833 0.00205477 0.00034178
0.000002447 1 5 0.008 

tierra.txt
-0.6349052 0.6910548 0.2995998 -0.01343443 -0.01023223 -0.00443607
0.000003003 1 5 0.008 

marte.txt
-0.8326456 -1.1782356 -0.5179253 0.01227603 -0.00570021 -0.00294625
0.000000321 1 5 0.008 

jupiter.txt
-5.385202 -0.840171 -0.229015 .001099944 -0.006518169 -0.002820667
0.000955098 1 22 0.05 

saturno.txt
-3.743403 7.568504 3.287166 -0.005379637 -0.002232371 -0.000690547
0.000285328 1 60 0.08 

urano.txt
18.38175 -7.25798 -3.43875 0.001544588 0.003135267 0.001351424
0.000042048 1 168 .02 

neptuno.txt
21.25332 -19.49023 -8.50658 0.002199232	0.002084787 0.000798469
0.000051058 1 328 0.5 

pluton.txt
-4.11218 -29.56880 -7.98970 0.003169840	-0.000584314 -0.001138225
0.000000006 1 500 0.8 
