Posicion                     Velocidad
t=5.000000, -0.832646, -1.178236, -0.517925, 4.483728, -2.081959, -1.076096
t=0.000000, -0.796776, -1.194891, -0.526534, 4.553590, -1.977189, -1.029928
t=0.008000, -0.760347, -1.210709, -0.534773, 4.620683, -1.870356, -0.982740
t=0.016000, -0.723382, -1.225672, -0.542635, 4.684923, -1.761510, -0.934551
t=0.024000, -0.685902, -1.239764, -0.550112, 4.746226, -1.650707, -0.885385
t=0.032000, -0.647932, -1.252969, -0.557195, 4.804508, -1.538001, -0.835265
t=0.040000, -0.609496, -1.265273, -0.563877, 4.859686, -1.423455, -0.784217
t=0.048000, -0.570619, -1.276661, -0.570151, 4.911678, -1.307131, -0.732267
t=0.056000, -0.531325, -1.287118, -0.576009, 4.960404, -1.189096, -0.679444
t=0.064000, -0.491642, -1.296631, -0.581444, 5.005781, -1.069419, -0.625778
t=0.072000, -0.451596, -1.305186, -0.586451, 5.047732, -0.948176, -0.571300
t=0.080000, -0.411214, -1.312772, -0.591021, 5.086177, -0.825441, -0.516044
t=0.088000, -0.370525, -1.319375, -0.595149, 5.121041, -0.701296, -0.460044
t=0.096000, -0.329556, -1.324985, -0.598830, 5.152249, -0.575823, -0.403336
t=0.104000, -0.288338, -1.329592, -0.602056, 5.179729, -0.449110, -0.345959
t=0.112000, -0.246901, -1.333185, -0.604824, 5.203408, -0.321248, -0.287952
t=0.120000, -0.205273, -1.335755, -0.607128, 5.223220, -0.192330, -0.229356
t=0.128000, -0.163487, -1.337294, -0.608963, 5.239098, -0.062454, -0.170215
t=0.136000, -0.121575, -1.337793, -0.610324, 5.250978, 0.068280, -0.110572
t=0.144000, -0.079567, -1.337247, -0.611209, 5.258802, 0.199767, -0.050473
t=0.152000, -0.037496, -1.335649, -0.611613, 5.262511, 0.331901, 0.010032
t=0.160000, 0.004604, -1.332994, -0.611532, 5.262053, 0.464569, 0.070896
t=0.168000, 0.046700, -1.329277, -0.610965, 5.257377, 0.597659, 0.132067
t=0.176000, 0.088759, -1.324496, -0.609909, 5.248438, 0.731054, 0.193493
t=0.184000, 0.130747, -1.318647, -0.608361, 5.235193, 0.864633, 0.255120
t=0.192000, 0.172628, -1.311730, -0.606320, 5.217606, 0.998274, 0.316893
t=0.200000, 0.214369, -1.303744, -0.603785, 5.195642, 1.131852, 0.378755
t=0.208000, 0.255934, -1.294689, -0.600755, 5.169274, 1.265239, 0.440649
t=0.216000, 0.297288, -1.284567, -0.597229, 5.138479, 1.398303, 0.502514
t=0.224000, 0.338396, -1.273381, -0.593209, 5.103238, 1.530914, 0.564291
t=0.232000, 0.379222, -1.261134, -0.588695, 5.063540, 1.662935, 0.625918
t=0.240000, 0.419730, -1.247830, -0.583688, 5.019376, 1.794231, 0.687333
t=0.248000, 0.459885, -1.233476, -0.578189, 4.970746, 1.924663, 0.748473
t=0.256000, 0.499651, -1.218079, -0.572201, 4.917655, 2.054092, 0.809273
t=0.264000, 0.538993, -1.201646, -0.565727, 4.860113, 2.182378, 0.869669
t=0.272000, 0.577873, -1.184187, -0.558770, 4.798138, 2.309379, 0.929596
t=0.280000, 0.616259, -1.165712, -0.551333, 4.731752, 2.434953, 0.988987
t=0.288000, 0.654113, -1.146233, -0.543421, 4.660987, 2.558957, 1.047777
t=0.296000, 0.691400, -1.125761, -0.535039, 4.585879, 2.681251, 1.105899
t=0.304000, 0.728088, -1.104311, -0.526192, 4.506471, 2.801691, 1.163288
t=0.312000, 0.764139, -1.081897, -0.516885, 4.422814, 2.920137, 1.219876
t=0.320000, 0.799522, -1.058536, -0.507126, 4.334964, 3.036447, 1.275598
t=0.328000, 0.834202, -1.034245, -0.496921, 4.242984, 3.150483, 1.330389
t=0.336000, 0.868145, -1.009041, -0.486278, 4.146946, 3.262108, 1.384183
t=0.344000, 0.901321, -0.982944, -0.475205, 4.046927, 3.371185, 1.436917
t=0.352000, 0.933696, -0.955975, -0.463710, 3.943010, 3.477581, 1.488526
t=0.360000, 0.965240, -0.928154, -0.451801, 3.835286, 3.581166, 1.538948
t=0.368000, 0.995923, -0.899505, -0.439490, 3.723853, 3.681811, 1.588122
t=0.376000, 1.025714, -0.870050, -0.426785, 3.608813, 3.779392, 1.635989
t=0.384000, 1.054584, -0.839815, -0.413697, 3.490276, 3.873789, 1.682489
t=0.392000, 1.082506, -0.808825, -0.400237, 3.368359, 3.964882, 1.727566
t=0.400000, 1.109453, -0.777106, -0.386416, 3.243183, 4.052561, 1.771164
t=0.408000, 1.135399, -0.744685, -0.372247, 3.114875, 4.136715, 1.813230
t=0.416000, 1.160318, -0.711591, -0.357741, 2.983568, 4.217242, 1.853714
t=0.424000, 1.184186, -0.677853, -0.342912, 2.849400, 4.294043, 1.892566
t=0.432000, 1.206981, -0.643501, -0.327771, 2.712514, 4.367024, 1.929739
t=0.440000, 1.228681, -0.608565, -0.312333, 2.573057, 4.436097, 1.965189
t=0.448000, 1.249266, -0.573076, -0.296612, 2.431180, 4.501180, 1.998875
t=0.456000, 1.268715, -0.537067, -0.280621, 2.287041, 4.562196, 2.030756
t=0.464000, 1.287012, -0.500569, -0.264375, 2.140796, 4.619076, 2.060797
t=0.472000, 1.304138, -0.463616, -0.247888, 1.992610, 4.671756, 2.088964
t=0.480000, 1.320079, -0.426242, -0.231177, 1.842646, 4.720178, 2.115226
t=0.488000, 1.334820, -0.388481, -0.214255, 1.691074, 4.764291, 2.139556
t=0.496000, 1.348349, -0.350367, -0.197138, 1.538062, 4.804051, 2.161927
t=0.504000, 1.360653, -0.311934, -0.179843, 1.383782, 4.839421, 2.182319
t=0.512000, 1.371723, -0.273219, -0.162384, 1.228406, 4.870368, 2.200712
t=0.520000, 1.381551, -0.234256, -0.144779, 1.072110, 4.896870, 2.217091
t=0.528000, 1.390128, -0.195081, -0.127042, 0.915066, 4.918908, 2.231443
t=0.536000, 1.397448, -0.155730, -0.109190, 0.757449, 4.936473, 2.243759
t=0.544000, 1.403508, -0.116238, -0.091240, 0.599433, 4.949560, 2.254031
t=0.552000, 1.408303, -0.076641, -0.073208, 0.441191, 4.958171, 2.262257
t=0.560000, 1.411833, -0.036976, -0.055110, 0.282897, 4.962317, 2.268436
t=0.568000, 1.414096, 0.002722, -0.036962, 0.124721, 4.962013, 2.272570
t=0.576000, 1.415094, 0.042419, -0.018782, -0.033168, 4.957280, 2.274666
t=0.584000, 1.414828, 0.082077, -0.000585, -0.190602, 4.948147, 2.274731
t=0.592000, 1.413303, 0.121662, 0.017613, -0.347416, 4.934648, 2.272777
t=0.600000, 1.410524, 0.161139, 0.035796, -0.503448, 4.916822, 2.268817
t=0.608000, 1.406497, 0.200474, 0.053946, -0.658539, 4.894717, 2.262869
t=0.616000, 1.401228, 0.239631, 0.072049, -0.812532, 4.868381, 2.254951
t=0.624000, 1.394728, 0.278579, 0.090089, -0.965275, 4.837873, 2.245085
t=0.632000, 1.387006, 0.317281, 0.108049, -1.116620, 4.803252, 2.233295
t=0.640000, 1.378073, 0.355708, 0.125916, -1.266421, 4.764586, 2.219607
t=0.648000, 1.367941, 0.393824, 0.143672, -1.414538, 4.721944, 2.204051
t=0.656000, 1.356625, 0.431600, 0.161305, -1.560833, 4.675401, 2.186656
t=0.664000, 1.344138, 0.469003, 0.178798, -1.705176, 4.625036, 2.167455
t=0.672000, 1.330497, 0.506003, 0.196138, -1.847440, 4.570932, 2.146483
t=0.680000, 1.315718, 0.542571, 0.213310, -1.987501, 4.513174, 2.123776
t=0.688000, 1.299818, 0.578676, 0.230300, -2.125242, 4.451852, 2.099371
t=0.696000, 1.282816, 0.614291, 0.247095, -2.260550, 4.387058, 2.073308
t=0.704000, 1.264731, 0.649387, 0.263681, -2.393318, 4.318887, 2.045628
t=0.712000, 1.245585, 0.683938, 0.280046, -2.523443, 4.247437, 2.016372
t=0.720000, 1.225397, 0.717918, 0.296177, -2.650828, 4.172806, 1.985583
t=0.728000, 1.204190, 0.751300, 0.312062, -2.775380, 4.095097, 1.953305
t=0.736000, 1.181987, 0.784061, 0.327688, -2.897013, 4.014414, 1.919585
t=0.744000, 1.158811, 0.816176, 0.343045, -3.015643, 3.930859, 1.884466
t=0.752000, 1.134686, 0.847623, 0.358121, -3.131195, 3.844541, 1.847997
t=0.760000, 1.109637, 0.878380, 0.372905, -3.243596, 3.755566, 1.810223
t=0.768000, 1.083688, 0.908424, 0.387387, -3.352779, 3.664041, 1.771194
t=0.776000, 1.056866, 0.937737, 0.401556, -3.458682, 3.570075, 1.730956
t=0.784000, 1.029196, 0.966297, 0.415404, -3.561247, 3.473777, 1.689558
t=0.792000, 1.000706, 0.994087, 0.428920, -3.660424, 3.375257, 1.647049
t=0.800000, 0.971423, 1.021089, 0.442097, -3.756163, 3.274623, 1.603478
t=0.808000, 0.941374, 1.047286, 0.454924, -3.848422, 3.171984, 1.558894
t=0.816000, 0.910586, 1.072662, 0.467396, -3.937162, 3.067449, 1.513344
t=0.824000, 0.879089, 1.097202, 0.479502, -4.022349, 2.961126, 1.466879
t=0.832000, 0.846910, 1.120891, 0.491237, -4.103953, 2.853123, 1.419546
t=0.840000, 0.814078, 1.143716, 0.502594, -4.181947, 2.743547, 1.371393
t=0.848000, 0.780623, 1.165664, 0.513565, -4.256311, 2.632503, 1.322470
t=0.856000, 0.746572, 1.186724, 0.524145, -4.327026, 2.520097, 1.272823
t=0.864000, 0.711956, 1.206885, 0.534327, -4.394078, 2.406433, 1.222501
t=0.872000, 0.676804, 1.226136, 0.544107, -4.457456, 2.291613, 1.171549
t=0.880000, 0.641144, 1.244469, 0.553480, -4.517154, 2.175740, 1.120014
t=0.888000, 0.605007, 1.261875, 0.562440, -4.573167, 2.058912, 1.067942
t=0.896000, 0.568421, 1.278347, 0.570983, -4.625495, 1.941230, 1.015378
t=0.904000, 0.531417, 1.293876, 0.579106, -4.674140, 1.822789, 0.962367
t=0.912000, 0.494024, 1.308459, 0.586805, -4.719109, 1.703687, 0.908953
t=0.920000, 0.456271, 1.322088, 0.594077, -4.760409, 1.584016, 0.855179
t=0.928000, 0.418188, 1.334760, 0.600918, -4.798051, 1.463870, 0.801089
t=0.936000, 0.379804, 1.346471, 0.607327, -4.832050, 1.343340, 0.746723
t=0.944000, 0.341147, 1.357218, 0.613301, -4.862420, 1.222513, 0.692124
t=0.952000, 0.302248, 1.366998, 0.618838, -4.889181, 1.101479, 0.637332
t=0.960000, 0.263134, 1.375810, 0.623936, -4.912354, 0.980321, 0.582386
t=0.968000, 0.223836, 1.383653, 0.628596, -4.931960, 0.859125, 0.527327
t=0.976000, 0.184380, 1.390526, 0.632814, -4.948025, 0.737971, 0.472191
t=0.984000, 0.144796, 1.396429, 0.636592, -4.960574, 0.616941, 0.417017
t=0.992000, 0.105111, 1.401365, 0.639928, -4.969637, 0.496113, 0.361841
t=1.000000, 0.065354, 1.405334, 0.642823, -4.975243, 0.375563, 0.306700
t=1.008000, 0.025552, 1.408338, 0.645276, -4.977424, 0.255367, 0.251628
t=1.016000, -0.014267, 1.410381, 0.647289, -4.976212, 0.135597, 0.196660
t=1.024000, -0.054077, 1.411466, 0.648862, -4.971643, 0.016326, 0.141830
t=1.032000, -0.093850, 1.411597, 0.649997, -4.963751, -0.102378, 0.087170
t=1.040000, -0.133560, 1.410778, 0.650694, -4.952573, -0.220447, 0.032714
t=1.048000, -0.173181, 1.409014, 0.650956, -4.938148, -0.337813, -0.021509
t=1.056000, -0.212686, 1.406311, 0.650784, -4.920513, -0.454413, -0.075467
t=1.064000, -0.252050, 1.402676, 0.650180, -4.899710, -0.570184, -0.129130
t=1.072000, -0.291248, 1.398115, 0.649147, -4.875779, -0.685064, -0.182469
t=1.080000, -0.330254, 1.392634, 0.647688, -4.848762, -0.798993, -0.235455
t=1.088000, -0.369044, 1.386242, 0.645804, -4.818700, -0.911913, -0.288061
t=1.096000, -0.407594, 1.378947, 0.643499, -4.785638, -1.023768, -0.340259
t=1.104000, -0.445879, 1.370757, 0.640777, -4.749618, -1.134502, -0.392023
t=1.112000, -0.483876, 1.361681, 0.637641, -4.710686, -1.244062, -0.443327
t=1.120000, -0.521561, 1.351728, 0.634095, -4.668886, -1.352394, -0.494146
t=1.128000, -0.558912, 1.340909, 0.630141, -4.624264, -1.459450, -0.544455
t=1.136000, -0.595906, 1.329234, 0.625786, -4.576865, -1.565178, -0.594230
t=1.144000, -0.632521, 1.316712, 0.621032, -4.526736, -1.669530, -0.643449
t=1.152000, -0.668735, 1.303356, 0.615884, -4.473924, -1.772460, -0.692087
t=1.160000, -0.704527, 1.289176, 0.610348, -4.418476, -1.873922, -0.740123
t=1.168000, -0.739874, 1.274185, 0.604427, -4.360439, -1.973872, -0.787535
t=1.176000, -0.774758, 1.258394, 0.598126, -4.299860, -2.072266, -0.834303
t=1.184000, -0.809157, 1.241816, 0.591452, -4.236789, -2.169061, -0.880405
t=1.192000, -0.843051, 1.224463, 0.584409, -4.171273, -2.264218, -0.925821
t=1.200000, -0.876421, 1.206349, 0.577002, -4.103360, -2.357696, -0.970532
t=1.208000, -0.909248, 1.187488, 0.569238, -4.033100, -2.449457, -1.014518
t=1.216000, -0.941513, 1.167892, 0.561122, -3.960542, -2.539461, -1.057762
t=1.224000, -0.973197, 1.147577, 0.552660, -3.885734, -2.627674, -1.100244
t=1.232000, -1.004283, 1.126555, 0.543858, -3.808725, -2.714058, -1.141947
t=1.240000, -1.034753, 1.104843, 0.534722, -3.729566, -2.798579, -1.182854
t=1.248000, -1.064589, 1.082454, 0.525259, -3.648305, -2.881204, -1.222947
t=1.256000, -1.093776, 1.059404, 0.515476, -3.564993, -2.961898, -1.262210
t=1.264000, -1.122296, 1.035709, 0.505378, -3.479680, -3.040629, -1.300628
t=1.272000, -1.150133, 1.011384, 0.494973, -3.392415, -3.117367, -1.338183
t=1.280000, -1.177273, 0.986445, 0.484268, -3.303249, -3.192080, -1.374861
t=1.288000, -1.203699, 0.960909, 0.473269, -3.212231, -3.264738, -1.410647
t=1.296000, -1.229396, 0.934791, 0.461983, -3.119414, -3.335313, -1.445526
t=1.304000, -1.254352, 0.908108, 0.450419, -3.024847, -3.403777, -1.479484
t=1.312000, -1.278551, 0.880878, 0.438583, -2.928581, -3.470101, -1.512506
t=1.320000, -1.301979, 0.853117, 0.426483, -2.830667, -3.534259, -1.544579
t=1.328000, -1.324624, 0.824843, 0.414127, -2.731156, -3.596224, -1.575690
t=1.336000, -1.346474, 0.796073, 0.401521, -2.630100, -3.655971, -1.605825
t=1.344000, -1.367515, 0.766826, 0.388675, -2.527551, -3.713475, -1.634972
t=1.352000, -1.387735, 0.737118, 0.375595, -2.423559, -3.768712, -1.663118
t=1.360000, -1.407123, 0.706968, 0.362290, -2.318177, -3.821658, -1.690250
t=1.368000, -1.425669, 0.676395, 0.348768, -2.211457, -3.872290, -1.716357
t=1.376000, -1.443360, 0.645417, 0.335037, -2.103452, -3.920586, -1.741428
t=1.384000, -1.460188, 0.614052, 0.321106, -1.994214, -3.966524, -1.765450
t=1.392000, -1.476142, 0.582320, 0.306982, -1.883797, -4.010082, -1.788413
t=1.400000, -1.491212, 0.550239, 0.292675, -1.772252, -4.051241, -1.810305
t=1.408000, -1.505390, 0.517829, 0.278192, -1.659635, -4.089979, -1.831117
t=1.416000, -1.518667, 0.485109, 0.263543, -1.545999, -4.126278, -1.850837
t=1.424000, -1.531035, 0.452099, 0.248737, -1.431397, -4.160119, -1.869455
t=1.432000, -1.542486, 0.418818, 0.233781, -1.315885, -4.191483, -1.886962
t=1.440000, -1.553014, 0.385286, 0.218685, -1.199517, -4.220352, -1.903348
t=1.448000, -1.562610, 0.351523, 0.203458, -1.082349, -4.246710, -1.918604
t=1.456000, -1.571268, 0.317550, 0.188110, -0.964437, -4.270540, -1.932720
t=1.464000, -1.578984, 0.283385, 0.172648, -0.845835, -4.291826, -1.945688
t=1.472000, -1.585751, 0.249051, 0.157082, -0.726602, -4.310552, -1.957499
t=1.480000, -1.591563, 0.214566, 0.141422, -0.606794, -4.326704, -1.968145
t=1.488000, -1.596418, 0.179953, 0.125677, -0.486468, -4.340268, -1.977618
t=1.496000, -1.600310, 0.145231, 0.109856, -0.365683, -4.351229, -1.985909
t=1.504000, -1.603235, 0.110421, 0.093969, -0.244497, -4.359576, -1.993012
t=1.512000, -1.605191, 0.075544, 0.078025, -0.122968, -4.365295, -1.998920
t=1.520000, -1.606175, 0.040622, 0.062034, -0.001157, -4.368376, -2.003624
t=1.528000, -1.606184, 0.005675, 0.046005, 0.120877, -4.368807, -2.007120
t=1.536000, -1.605217, -0.029276, 0.029948, 0.243072, -4.366578, -2.009399
t=1.544000, -1.603272, -0.064208, 0.013872, 0.365368, -4.361681, -2.010457
t=1.552000, -1.600349, -0.099102, -0.002211, 0.487703, -4.354105, -2.010288
t=1.560000, -1.596448, -0.133935, -0.018294, 0.610014, -4.343844, -2.008887
t=1.568000, -1.591568, -0.168685, -0.034365, 0.732238, -4.330889, -2.006248
t=1.576000, -1.585710, -0.203332, -0.050415, 0.854311, -4.315236, -2.002367
t=1.584000, -1.578875, -0.237854, -0.066434, 0.976170, -4.296879, -1.997239
t=1.592000, -1.571066, -0.272229, -0.082411, 1.097748, -4.275812, -1.990862
t=1.600000, -1.562284, -0.306436, -0.098338, 1.218980, -4.252033, -1.983231
t=1.608000, -1.552532, -0.340452, -0.114204, 1.339799, -4.225538, -1.974343
t=1.616000, -1.541814, -0.374256, -0.129999, 1.460139, -4.196327, -1.964197
t=1.624000, -1.530133, -0.407827, -0.145713, 1.579931, -4.164399, -1.952789
t=1.632000, -1.517493, -0.441142, -0.161335, 1.699107, -4.129754, -1.940119
t=1.640000, -1.503900, -0.474180, -0.176856, 1.817598, -4.092394, -1.926185
t=1.648000, -1.489360, -0.506919, -0.192265, 1.935333, -4.052322, -1.910986
t=1.656000, -1.473877, -0.539338, -0.207553, 2.052242, -4.009541, -1.894523
t=1.664000, -1.457459, -0.571414, -0.222709, 2.168254, -3.964057, -1.876795
t=1.672000, -1.440113, -0.603127, -0.237724, 2.283296, -3.915877, -1.857805
t=1.680000, -1.421847, -0.634454, -0.252586, 2.397297, -3.865008, -1.837553
t=1.688000, -1.402668, -0.665374, -0.267287, 2.510181, -3.811459, -1.816042
t=1.696000, -1.382587, -0.695866, -0.281815, 2.621876, -3.755243, -1.793275
t=1.704000, -1.361612, -0.725907, -0.296161, 2.732307, -3.696369, -1.769256
t=1.712000, -1.339753, -0.755478, -0.310315, 2.841397, -3.634854, -1.743988
t=1.720000, -1.317022, -0.784557, -0.324267, 2.949073, -3.570711, -1.717477
t=1.728000, -1.293430, -0.813123, -0.338007, 3.055256, -3.503958, -1.689729
t=1.736000, -1.268987, -0.841155, -0.351525, 3.159869, -3.434615, -1.660749
t=1.744000, -1.243709, -0.868632, -0.364811, 3.262837, -3.362700, -1.630547
t=1.752000, -1.217606, -0.895533, -0.377855, 3.364079, -3.288238, -1.599128
t=1.760000, -1.190693, -0.921839, -0.390648, 3.463519, -3.211251, -1.566504
t=1.768000, -1.162985, -0.947529, -0.403180, 3.561077, -3.131767, -1.532683
t=1.776000, -1.134496, -0.972583, -0.415442, 3.656674, -3.049813, -1.497676
t=1.784000, -1.105243, -0.996982, -0.427423, 3.750230, -2.965421, -1.461495
t=1.792000, -1.075241, -1.020705, -0.439115, 3.841667, -2.878622, -1.424154
t=1.800000, -1.044508, -1.043734, -0.450508, 3.930904, -2.789451, -1.385665
t=1.808000, -1.013061, -1.066050, -0.461594, 4.017862, -2.697945, -1.346043
t=1.816000, -0.980918, -1.087633, -0.472362, 4.102460, -2.604143, -1.305305
t=1.824000, -0.948098, -1.108466, -0.482804, 4.184619, -2.508087, -1.263467
t=1.832000, -0.914621, -1.128531, -0.492912, 4.264260, -2.409820, -1.220546
t=1.840000, -0.880507, -1.147810, -0.502676, 4.341302, -2.309390, -1.176564
t=1.848000, -0.845777, -1.166285, -0.512089, 4.415667, -2.206844, -1.131538
t=1.856000, -0.810451, -1.183939, -0.521141, 4.487276, -2.102235, -1.085492
t=1.864000, -0.774553, -1.200757, -0.529825, 4.556051, -1.995616, -1.038447
t=1.872000, -0.738105, -1.216722, -0.538133, 4.621914, -1.887044, -0.990428
t=1.880000, -0.701129, -1.231819, -0.546056, 4.684789, -1.776579, -0.941459
t=1.888000, -0.663651, -1.246031, -0.553588, 4.744600, -1.664282, -0.891568
t=1.896000, -0.625694, -1.259346, -0.560720, 4.801271, -1.550218, -0.840781
t=1.904000, -0.587284, -1.271747, -0.567447, 4.854730, -1.434454, -0.789128
t=1.912000, -0.548446, -1.283223, -0.573760, 4.904903, -1.317062, -0.736639
t=1.920000, -0.509207, -1.293759, -0.579653, 4.951720, -1.198114, -0.683346
t=1.928000, -0.469593, -1.303344, -0.585120, 4.995110, -1.077686, -0.629281
t=1.936000, -0.429632, -1.311966, -0.590154, 5.035005, -0.955857, -0.574480
t=1.944000, -0.389352, -1.319613, -0.594750, 5.071341, -0.832708, -0.518976
t=1.952000, -0.348782, -1.326274, -0.598901, 5.104051, -0.708323, -0.462808
t=1.960000, -0.307949, -1.331941, -0.602604, 5.133075, -0.582791, -0.406014
t=1.968000, -0.266885, -1.336603, -0.605852, 5.158351, -0.456200, -0.348634
t=1.976000, -0.225618, -1.340253, -0.608641, 5.179824, -0.328644, -0.290707
t=1.984000, -0.184179, -1.342882, -0.610967, 5.197438, -0.200217, -0.232277
t=1.992000, -0.142600, -1.344484, -0.612825, 5.211141, -0.071018, -0.173387
t=2.000000, -0.100911, -1.345052, -0.614212, 5.220885, 0.058853, -0.114083
t=2.008000, -0.059143, -1.344581, -0.615125, 5.226622, 0.189292, -0.054409
t=2.016000, -0.017330, -1.343067, -0.615560, 5.228311, 0.320195, 0.005587
t=2.024000, 0.024496, -1.340505, -0.615515, 5.225913, 0.451453, 0.065856
t=2.032000, 0.066303, -1.336893, -0.614988, 5.219391, 0.582955, 0.126349
t=2.040000, 0.108058, -1.332230, -0.613978, 5.208714, 0.714591, 0.187015
t=2.048000, 0.149728, -1.326513, -0.612482, 5.193854, 0.846244, 0.247803
t=2.056000, 0.191279, -1.319743, -0.610499, 5.174787, 0.977799, 0.308659
t=2.064000, 0.232677, -1.311921, -0.608030, 5.151493, 1.109137, 0.369529
t=2.072000, 0.273889, -1.303048, -0.605074, 5.123958, 1.240138, 0.430360
t=2.080000, 0.314881, -1.293127, -0.601631, 5.092170, 1.370682, 0.491096
t=2.088000, 0.355618, -1.282161, -0.597702, 5.056124, 1.500645, 0.551680
t=2.096000, 0.396067, -1.270156, -0.593288, 5.015818, 1.629902, 0.612057
t=2.104000, 0.436194, -1.257117, -0.588392, 4.971256, 1.758330, 0.672167
t=2.112000, 0.475964, -1.243050, -0.583015, 4.922447, 1.885802, 0.731954
t=2.120000, 0.515343, -1.227964, -0.577159, 4.869405, 2.012192, 0.791359
t=2.128000, 0.554299, -1.211866, -0.570828, 4.812148, 2.137372, 0.850323
t=2.136000, 0.592796, -1.194767, -0.564026, 4.750702, 2.261216, 0.908787
t=2.144000, 0.630801, -1.176677, -0.556755, 4.685096, 2.383595, 0.966692
t=2.152000, 0.668282, -1.157609, -0.549022, 4.615365, 2.504384, 1.023978
t=2.160000, 0.705205, -1.137574, -0.540830, 4.541550, 2.623455, 1.080588
t=2.168000, 0.741538, -1.116586, -0.532185, 4.463698, 2.740683, 1.136461
t=2.176000, 0.777247, -1.094661, -0.523094, 4.381859, 2.855943, 1.191539
t=2.184000, 0.812302, -1.071813, -0.513561, 4.296093, 2.969110, 1.245763
t=2.192000, 0.846671, -1.048060, -0.503595, 4.206460, 3.080063, 1.299076
t=2.200000, 0.880322, -1.023420, -0.493203, 4.113030, 3.188680, 1.351420
t=2.208000, 0.913227, -0.997910, -0.482391, 4.015877, 3.294842, 1.402739
t=2.216000, 0.945354, -0.971551, -0.471169, 3.915079, 3.398433, 1.452977
t=2.224000, 0.976674, -0.944364, -0.459545, 3.810722, 3.499338, 1.502080
t=2.232000, 1.007160, -0.916369, -0.447529, 3.702894, 3.597445, 1.549992
t=2.240000, 1.036783, -0.887590, -0.435129, 3.591692, 3.692646, 1.596663
t=2.248000, 1.065517, -0.858049, -0.422356, 3.477214, 3.784833, 1.642041
t=2.256000, 1.093334, -0.827770, -0.409219, 3.359566, 3.873906, 1.686075
t=2.264000, 1.120211, -0.796779, -0.395731, 3.238857, 3.959763, 1.728717
t=2.272000, 1.146122, -0.765100, -0.381901, 3.115200, 4.042311, 1.769921
t=2.280000, 1.171043, -0.732762, -0.367742, 2.988715, 4.121457, 1.809641
t=2.288000, 1.194953, -0.699790, -0.353264, 2.859524, 4.197114, 1.847833
t=2.296000, 1.217829, -0.666213, -0.338482, 2.727753, 4.269199, 1.884458
t=2.304000, 1.239651, -0.632060, -0.323406, 2.593532, 4.337634, 1.919474
t=2.312000, 1.260400, -0.597359, -0.308050, 2.456996, 4.402345, 1.952844
t=2.320000, 1.280056, -0.562140, -0.292428, 2.318280, 4.463262, 1.984534
t=2.328000, 1.298602, -0.526434, -0.276551, 2.177526, 4.520322, 2.014509
t=2.336000, 1.316022, -0.490271, -0.260435, 2.034875, 4.573465, 2.042739
t=2.344000, 1.332301, -0.453684, -0.244093, 1.890473, 4.622638, 2.069195
t=2.352000, 1.347425, -0.416703, -0.227540, 1.744467, 4.667791, 2.093851
t=2.360000, 1.361381, -0.379360, -0.210789, 1.597007, 4.708882, 2.116683
t=2.368000, 1.374157, -0.341689, -0.193855, 1.448244, 4.745873, 2.137669
t=2.376000, 1.385743, -0.303722, -0.176754, 1.298329, 4.778731, 2.156791
t=2.384000, 1.396129, -0.265492, -0.159500, 1.147415, 4.807429, 2.174032
t=2.392000, 1.405309, -0.227033, -0.142108, 0.995658, 4.831946, 2.189378
t=2.400000, 1.413274, -0.188377, -0.124593, 0.843212, 4.852266, 2.202818
t=2.408000, 1.420019, -0.149559, -0.106970, 0.690231, 4.868378, 2.214342
t=2.416000, 1.425541, -0.110612, -0.089255, 0.536871, 4.880278, 2.223944
t=2.424000, 1.429836, -0.071570, -0.071464, 0.383284, 4.887965, 2.231620
t=2.432000, 1.432903, -0.032466, -0.053611, 0.229626, 4.891447, 2.237369
t=2.440000, 1.434740, 0.006665, -0.035712, 0.076048, 4.890733, 2.241192
t=2.448000, 1.435348, 0.045791, -0.017782, -0.077297, 4.885841, 2.243092
t=2.456000, 1.434730, 0.084878, 0.000163, -0.230260, 4.876792, 2.243074
t=2.464000, 1.432888, 0.123892, 0.018107, -0.382691, 4.863612, 2.241148
t=2.472000, 1.429826, 0.162801, 0.036036, -0.534446, 4.846333, 2.237323
t=2.480000, 1.425550, 0.201572, 0.053935, -0.685378, 4.824992, 2.231613
t=2.488000, 1.420067, 0.240172, 0.071788, -0.835347, 4.799628, 2.224032
t=2.496000, 1.413385, 0.278569, 0.089580, -0.984213, 4.770287, 2.214597
t=2.504000, 1.405511, 0.316731, 0.107297, -1.131839, 4.737020, 2.203327
t=2.512000, 1.396456, 0.354627, 0.124923, -1.278091, 4.699880, 2.190243
t=2.520000, 1.386231, 0.392226, 0.142445, -1.422839, 4.658924, 2.175370
t=2.528000, 1.374849, 0.429498, 0.159848, -1.565955, 4.614215, 2.158730
t=2.536000, 1.362321, 0.466411, 0.177118, -1.707316, 4.565818, 2.140351
t=2.544000, 1.348663, 0.502938, 0.194241, -1.846801, 4.513802, 2.120262
t=2.552000, 1.333888, 0.539048, 0.211203, -1.984294, 4.458238, 2.098492
t=2.560000, 1.318014, 0.574714, 0.227991, -2.119681, 4.399203, 2.075073
t=2.568000, 1.301056, 0.609908, 0.244592, -2.252853, 4.336775, 2.050037
t=2.576000, 1.283034, 0.644602, 0.260992, -2.383707, 4.271034, 2.023419
t=2.584000, 1.263964, 0.678770, 0.277179, -2.512139, 4.202063, 1.995255
t=2.592000, 1.243867, 0.712387, 0.293141, -2.638054, 4.129949, 1.965580
t=2.600000, 1.222762, 0.745426, 0.308866, -2.761359, 4.054780, 1.934434
t=2.608000, 1.200671, 0.777865, 0.324341, -2.881964, 3.976645, 1.901854
t=2.616000, 1.177616, 0.809678, 0.339556, -2.999786, 3.895635, 1.867881
t=2.624000, 1.153617, 0.840843, 0.354499, -3.114743, 3.811846, 1.832556
t=2.632000, 1.128700, 0.871338, 0.369160, -3.226761, 3.725370, 1.795918
t=2.640000, 1.102885, 0.901141, 0.383527, -3.335767, 3.636304, 1.758012
t=2.648000, 1.076199, 0.930231, 0.397591, -3.441693, 3.544745, 1.718878
t=2.656000, 1.048666, 0.958589, 0.411342, -3.544476, 3.450791, 1.678562
t=2.664000, 1.020310, 0.986195, 0.424771, -3.644056, 3.354540, 1.637105
t=2.672000, 0.991158, 1.013032, 0.437868, -3.740377, 3.256093, 1.594553
t=2.680000, 0.961235, 1.039080, 0.450624, -3.833390, 3.155548, 1.550949
t=2.688000, 0.930567, 1.064325, 0.463032, -3.923045, 3.053006, 1.506338
t=2.696000, 0.899183, 1.088749, 0.475082, -4.009300, 2.948567, 1.460765
t=2.704000, 0.867109, 1.112337, 0.486768, -4.092115, 2.842330, 1.414276
t=2.712000, 0.834372, 1.135076, 0.498083, -4.171454, 2.734398, 1.366914
t=2.720000, 0.801000, 1.156951, 0.509018, -4.247285, 2.624868, 1.318724
t=2.728000, 0.767022, 1.177950, 0.519568, -4.319580, 2.513842, 1.269753
t=2.736000, 0.732465, 1.198061, 0.529726, -4.388314, 2.401417, 1.220044
t=2.744000, 0.697359, 1.217272, 0.539486, -4.453464, 2.287694, 1.169643
t=2.752000, 0.661731, 1.235574, 0.548843, -4.515014, 2.172769, 1.118593
t=2.760000, 0.625611, 1.252956, 0.557792, -4.572948, 2.056741, 1.066940
t=2.768000, 0.589027, 1.269410, 0.566327, -4.627255, 1.939705, 1.014726
t=2.776000, 0.552009, 1.284928, 0.574445, -4.677925, 1.821757, 0.961996
t=2.784000, 0.514586, 1.299502, 0.582141, -4.724954, 1.702993, 0.908793
t=2.792000, 0.476786, 1.313126, 0.589412, -4.768340, 1.583505, 0.855159
t=2.800000, 0.438639, 1.325794, 0.596253, -4.808081, 1.463387, 0.801138
t=2.808000, 0.400175, 1.337501, 0.602662, -4.844181, 1.342730, 0.746771
t=2.816000, 0.361421, 1.348243, 0.608636, -4.876646, 1.221624, 0.692101
t=2.824000, 0.322408, 1.358016, 0.614173, -4.905483, 1.100158, 0.637167
t=2.832000, 0.283164, 1.366817, 0.619270, -4.930703, 0.978421, 0.582011
t=2.840000, 0.243719, 1.374644, 0.623926, -4.952320, 0.856498, 0.526672
t=2.848000, 0.204100, 1.381496, 0.628140, -4.970347, 0.734475, 0.471191
t=2.856000, 0.164337, 1.387372, 0.631909, -4.984803, 0.612436, 0.415605
t=2.864000, 0.124459, 1.392271, 0.635234, -4.995706, 0.490464, 0.359954
t=2.872000, 0.084493, 1.396195, 0.638114, -5.003079, 0.368638, 0.304276
t=2.880000, 0.044469, 1.399144, 0.640548, -5.006944, 0.247040, 0.248606
t=2.888000, 0.004413, 1.401121, 0.642537, -5.007326, 0.125748, 0.192983
t=2.896000, -0.035645, 1.402127, 0.644081, -5.004252, 0.004837, 0.137442
t=2.904000, -0.075680, 1.402165, 0.645180, -4.997751, -0.115616, 0.082017
t=2.912000, -0.115662, 1.401240, 0.645836, -4.987852, -0.235537, 0.026745
t=2.920000, -0.155564, 1.399356, 0.646050, -4.974588, -0.354855, -0.028341
t=2.928000, -0.195361, 1.396517, 0.645824, -4.957991, -0.473497, -0.083207
t=2.936000, -0.235025, 1.392729, 0.645158, -4.938095, -0.591394, -0.137821
t=2.944000, -0.274530, 1.387998, 0.644055, -4.914937, -0.708479, -0.192150
t=2.952000, -0.313849, 1.382330, 0.642518, -4.888554, -0.824684, -0.246163
t=2.960000, -0.352958, 1.375733, 0.640549, -4.858983, -0.939943, -0.299829
t=2.968000, -0.391830, 1.368213, 0.638150, -4.826264, -1.054194, -0.353117
t=2.976000, -0.430440, 1.359780, 0.635325, -4.790437, -1.167373, -0.405997
t=2.984000, -0.468763, 1.350441, 0.632077, -4.751543, -1.279419, -0.458440
t=2.992000, -0.506775, 1.340205, 0.628410, -4.709626, -1.390272, -0.510419
t=3.000000, -0.544452, 1.329083, 0.624326, -4.664728, -1.499875, -0.561903
t=3.008000, -0.581770, 1.317084, 0.619831, -4.616894, -1.608168, -0.612867
t=3.016000, -0.618705, 1.304219, 0.614928, -4.566167, -1.715098, -0.663284
t=3.024000, -0.655235, 1.290498, 0.609622, -4.512596, -1.820609, -0.713126
t=3.032000, -0.691336, 1.275933, 0.603917, -4.456225, -1.924647, -0.762369
t=3.040000, -0.726985, 1.260536, 0.597818, -4.397102, -2.027161, -0.810987
t=3.048000, -0.762162, 1.244319, 0.591330, -4.335276, -2.128100, -0.858956
t=3.056000, -0.796844, 1.227294, 0.584458, -4.270794, -2.227415, -0.906251
t=3.064000, -0.831011, 1.209475, 0.577208, -4.203706, -2.325056, -0.952849
t=3.072000, -0.864640, 1.190874, 0.569586, -4.134062, -2.420977, -0.998727
t=3.080000, -0.897713, 1.171506, 0.561596, -4.061913, -2.515131, -1.043863
t=3.088000, -0.930208, 1.151385, 0.553245, -3.987309, -2.607474, -1.088234
t=3.096000, -0.962107, 1.130525, 0.544539, -3.910302, -2.697961, -1.131819
t=3.104000, -0.993389, 1.108942, 0.535485, -3.830944, -2.786550, -1.174597
t=3.112000, -1.024037, 1.086649, 0.526088, -3.749287, -2.873199, -1.216547
t=3.120000, -1.054031, 1.063664, 0.516355, -3.665385, -2.957868, -1.257649
t=3.128000, -1.083354, 1.040001, 0.506294, -3.579291, -3.040517, -1.297885
t=3.136000, -1.111988, 1.015677, 0.495911, -3.491059, -3.121107, -1.337233
t=3.144000, -1.139917, 0.990708, 0.485213, -3.400743, -3.199601, -1.375677
t=3.152000, -1.167123, 0.965111, 0.474208, -3.308399, -3.275962, -1.413197
t=3.160000, -1.193590, 0.938903, 0.462902, -3.214081, -3.350155, -1.449776
t=3.168000, -1.219303, 0.912102, 0.451304, -3.117844, -3.422144, -1.485396
t=3.176000, -1.244245, 0.884725, 0.439421, -3.019747, -3.491897, -1.520040
t=3.184000, -1.268403, 0.856790, 0.427261, -2.919843, -3.559380, -1.553692
t=3.192000, -1.291762, 0.828315, 0.414831, -2.818192, -3.624562, -1.586336
t=3.200000, -1.314308, 0.799318, 0.402140, -2.714849, -3.687412, -1.617956
t=3.208000, -1.336026, 0.769819, 0.389197, -2.609873, -3.747899, -1.648537
t=3.216000, -1.356905, 0.739836, 0.376008, -2.503321, -3.805995, -1.678063
t=3.224000, -1.376932, 0.709388, 0.362584, -2.395253, -3.861672, -1.706521
t=3.232000, -1.396094, 0.678494, 0.348932, -2.285726, -3.914901, -1.733895
t=3.240000, -1.414380, 0.647175, 0.335061, -2.174801, -3.965657, -1.760173
t=3.248000, -1.431778, 0.615450, 0.320979, -2.062537, -4.013913, -1.785340
t=3.256000, -1.448278, 0.583339, 0.306696, -1.948994, -4.059646, -1.809385
t=3.264000, -1.463870, 0.550861, 0.292221, -1.834234, -4.102831, -1.832294
t=3.272000, -1.478544, 0.518039, 0.277563, -1.718316, -4.143446, -1.854054
t=3.280000, -1.492291, 0.484891, 0.262731, -1.601302, -4.181467, -1.874656
t=3.288000, -1.505101, 0.451439, 0.247733, -1.483254, -4.216874, -1.894086
t=3.296000, -1.516967, 0.417704, 0.232581, -1.364235, -4.249647, -1.912334
t=3.304000, -1.527881, 0.383707, 0.217282, -1.244307, -4.279765, -1.929389
t=3.312000, -1.537836, 0.349469, 0.201847, -1.123534, -4.307210, -1.945241
t=3.320000, -1.546824, 0.315012, 0.186285, -1.001979, -4.331965, -1.959880
t=3.328000, -1.554840, 0.280356, 0.170606, -0.879706, -4.354012, -1.973296
t=3.336000, -1.561877, 0.245524, 0.154820, -0.756779, -4.373336, -1.985481
t=3.344000, -1.567932, 0.210537, 0.138936, -0.633265, -4.389921, -1.996426
t=3.352000, -1.572998, 0.175418, 0.122964, -0.509228, -4.403754, -2.006122
t=3.360000, -1.577072, 0.140188, 0.106915, -0.384735, -4.414820, -2.014562
t=3.368000, -1.580149, 0.104869, 0.090799, -0.259852, -4.423108, -2.021738
t=3.376000, -1.582228, 0.069484, 0.074625, -0.134647, -4.428606, -2.027643
t=3.384000, -1.583305, 0.034055, 0.058404, -0.009186, -4.431305, -2.032271
t=3.392000, -1.583379, -0.001395, 0.042146, 0.116461, -4.431194, -2.035616
t=3.400000, -1.582447, -0.036845, 0.025861, 0.242227, -4.428266, -2.037671
t=3.408000, -1.580509, -0.072271, 0.009559, 0.368042, -4.422513, -2.038432
t=3.416000, -1.577565, -0.107651, -0.006748, 0.493836, -4.413929, -2.037894
t=3.424000, -1.573614, -0.142962, -0.023051, 0.619540, -4.402509, -2.036052
t=3.432000, -1.568658, -0.178182, -0.039340, 0.745082, -4.388249, -2.032904
t=3.440000, -1.562697, -0.213288, -0.055603, 0.870392, -4.371145, -2.028445
t=3.448000, -1.555734, -0.248258, -0.071831, 0.995397, -4.351198, -2.022674
t=3.456000, -1.547771, -0.283067, -0.088012, 1.120025, -4.328405, -2.015587
t=3.464000, -1.538811, -0.317694, -0.104137, 1.244204, -4.302767, -2.007183
t=3.472000, -1.528857, -0.352116, -0.120194, 1.367859, -4.274288, -1.997462
t=3.480000, -1.517914, -0.386311, -0.136174, 1.490919, -4.242969, -1.986422
t=3.488000, -1.505987, -0.420255, -0.152065, 1.613307, -4.208816, -1.974064
t=3.496000, -1.493081, -0.453925, -0.167858, 1.734949, -4.171834, -1.960388
t=3.504000, -1.479201, -0.487300, -0.183541, 1.855771, -4.132032, -1.945397
t=3.512000, -1.464355, -0.520356, -0.199104, 1.975696, -4.089416, -1.929091
t=3.520000, -1.448549, -0.553071, -0.214537, 2.094648, -4.043999, -1.911474
t=3.528000, -1.431792, -0.585423, -0.229828, 2.212551, -3.995792, -1.892548
t=3.536000, -1.414092, -0.617390, -0.244969, 2.329328, -3.944807, -1.872318
t=3.544000, -1.395457, -0.648948, -0.259947, 2.444902, -3.891060, -1.850789
t=3.552000, -1.375898, -0.680077, -0.274754, 2.559194, -3.834568, -1.827966
t=3.560000, -1.355424, -0.710753, -0.289377, 2.672128, -3.775348, -1.803855
t=3.568000, -1.334047, -0.740956, -0.303808, 2.783625, -3.713421, -1.778463
t=3.576000, -1.311778, -0.770663, -0.318036, 2.893606, -3.648807, -1.751799
t=3.584000, -1.288629, -0.799854, -0.332050, 3.001993, -3.581531, -1.723870
t=3.592000, -1.264613, -0.828506, -0.345841, 3.108708, -3.511618, -1.694686
t=3.600000, -1.239744, -0.856599, -0.359399, 3.213670, -3.439094, -1.664258
t=3.608000, -1.214034, -0.884112, -0.372713, 3.316802, -3.363989, -1.632596
t=3.616000, -1.187500, -0.911024, -0.385774, 3.418024, -3.286334, -1.599713
t=3.624000, -1.160156, -0.937314, -0.398571, 3.517257, -3.206161, -1.565621
t=3.632000, -1.132018, -0.962964, -0.411096, 3.614423, -3.123506, -1.530335
t=3.640000, -1.103102, -0.987952, -0.423339, 3.709443, -3.038405, -1.493869
t=3.648000, -1.073427, -1.012259, -0.435290, 3.802237, -2.950898, -1.456240
t=3.656000, -1.043009, -1.035866, -0.446940, 3.892729, -2.861027, -1.417463
t=3.664000, -1.011867, -1.058754, -0.458280, 3.980839, -2.768833, -1.377557
t=3.672000, -0.980020, -1.080905, -0.469300, 4.066492, -2.674364, -1.336541
t=3.680000, -0.947488, -1.102300, -0.479992, 4.149608, -2.577666, -1.294435
t=3.688000, -0.914292, -1.122921, -0.490348, 4.230113, -2.478791, -1.251259
t=3.696000, -0.880451, -1.142751, -0.500358, 4.307931, -2.377791, -1.207035
t=3.704000, -0.845987, -1.161774, -0.510014, 4.382986, -2.274720, -1.161788
t=3.712000, -0.810923, -1.179972, -0.519309, 4.455204, -2.169635, -1.115540
t=3.720000, -0.775282, -1.197329, -0.528233, 4.524513, -2.062596, -1.068317
t=3.728000, -0.739086, -1.213829, -0.536779, 4.590839, -1.953666, -1.020145
t=3.736000, -0.702359, -1.229459, -0.544941, 4.654113, -1.842907, -0.971053
t=3.744000, -0.665126, -1.244202, -0.552709, 4.714263, -1.730387, -0.921069
t=3.752000, -0.627412, -1.258045, -0.560078, 4.771223, -1.616176, -0.870222
t=3.760000, -0.589242, -1.270975, -0.567039, 4.824925, -1.500343, -0.818544
t=3.768000, -0.550643, -1.282977, -0.573588, 4.875303, -1.382964, -0.766067
t=3.776000, -0.511640, -1.294041, -0.579716, 4.922294, -1.264114, -0.712823
t=3.784000, -0.472262, -1.304154, -0.585419, 4.965836, -1.143872, -0.658848
t=3.792000, -0.432535, -1.313305, -0.590690, 5.005869, -1.022320, -0.604177
t=3.800000, -0.392488, -1.321483, -0.595523, 5.042335, -0.899540, -0.548847
t=3.808000, -0.352150, -1.328680, -0.599914, 5.075179, -0.775619, -0.492895
t=3.816000, -0.311548, -1.334885, -0.603857, 5.104347, -0.650644, -0.436360
t=3.824000, -0.270713, -1.340090, -0.607348, 5.129788, -0.524705, -0.379283
t=3.832000, -0.229675, -1.344287, -0.610382, 5.151454, -0.397895, -0.321704
t=3.840000, -0.188463, -1.347471, -0.612956, 5.169299, -0.270309, -0.263666
t=3.848000, -0.147109, -1.349633, -0.615065, 5.183280, -0.142043, -0.205212
t=3.856000, -0.105643, -1.350769, -0.616707, 5.193357, -0.013196, -0.146386
t=3.864000, -0.064096, -1.350875, -0.617878, 5.199493, 0.116131, -0.087232
t=3.872000, -0.022500, -1.349946, -0.618576, 5.201655, 0.245837, -0.027799
t=3.880000, 0.019113, -1.347979, -0.618798, 5.199812, 0.375816, 0.031869
t=3.888000, 0.060712, -1.344973, -0.618543, 5.193937, 0.505962, 0.091723
t=3.896000, 0.102263, -1.340925, -0.617809, 5.184007, 0.636169, 0.151713
t=3.904000, 0.143735, -1.335836, -0.616596, 5.170002, 0.766327, 0.211791
t=3.912000, 0.185095, -1.329705, -0.614901, 5.151906, 0.896325, 0.271907
t=3.920000, 0.226311, -1.322535, -0.612726, 5.129708, 1.026051, 0.332009
t=3.928000, 0.267348, -1.314326, -0.610070, 5.103398, 1.155393, 0.392045
t=3.936000, 0.308175, -1.305083, -0.606934, 5.072974, 1.284237, 0.451965
t=3.944000, 0.348759, -1.294809, -0.603318, 5.038434, 1.412468, 0.511714
t=3.952000, 0.389067, -1.283509, -0.599224, 4.999785, 1.539970, 0.571240
t=3.960000, 0.429065, -1.271190, -0.594654, 4.957034, 1.666628, 0.630490
t=3.968000, 0.468721, -1.257857, -0.589610, 4.910195, 1.792325, 0.689409
t=3.976000, 0.508003, -1.243518, -0.584095, 4.859286, 1.916943, 0.747944
t=3.984000, 0.546877, -1.228182, -0.578111, 4.804329, 2.040367, 0.806040
t=3.992000, 0.585312, -1.211859, -0.571663, 4.745350, 2.162479, 0.863643
t=4.000000, 0.623274, -1.194560, -0.564754, 4.682382, 2.283162, 0.920699
t=4.008000, 0.660734, -1.176294, -0.557388, 4.615461, 2.402302, 0.977153
t=4.016000, 0.697657, -1.157076, -0.549571, 4.544627, 2.519781, 1.032952
t=4.024000, 0.734014, -1.136918, -0.541308, 4.469926, 2.635485, 1.088041
t=4.032000, 0.769774, -1.115834, -0.532603, 4.391409, 2.749301, 1.142367
t=4.040000, 0.804905, -1.093839, -0.523464, 4.309129, 2.861116, 1.195877
t=4.048000, 0.839378, -1.070950, -0.513897, 4.223148, 2.970819, 1.248518
t=4.056000, 0.873163, -1.047184, -0.503909, 4.133529, 3.078299, 1.300238
t=4.064000, 0.906231, -1.022557, -0.493507, 4.040341, 3.183449, 1.350985
t=4.072000, 0.938554, -0.997090, -0.482699, 3.943657, 3.286162, 1.400710
t=4.080000, 0.970103, -0.970801, -0.471494, 3.843556, 3.386336, 1.449361
t=4.088000, 1.000852, -0.943710, -0.459899, 3.740119, 3.483867, 1.496891
t=4.096000, 1.030773, -0.915839, -0.447924, 3.633433, 3.578657, 1.543252
t=4.104000, 1.059840, -0.887210, -0.435578, 3.523589, 3.670609, 1.588396
t=4.112000, 1.088029, -0.857845, -0.422870, 3.410683, 3.759629, 1.632278
t=4.120000, 1.115314, -0.827768, -0.409812, 3.294811, 3.845627, 1.674854
t=4.128000, 1.141673, -0.797003, -0.396413, 3.176078, 3.928515, 1.716080
t=4.136000, 1.167082, -0.765575, -0.382685, 3.054590, 4.008208, 1.755916
t=4.144000, 1.191518, -0.733509, -0.368637, 2.930456, 4.084625, 1.794321
t=4.152000, 1.214962, -0.700832, -0.354283, 2.803791, 4.157690, 1.831257
t=4.160000, 1.237392, -0.667571, -0.339633, 2.674710, 4.227329, 1.866686
t=4.168000, 1.258790, -0.633752, -0.324699, 2.543334, 4.293472, 1.900574
t=4.176000, 1.279137, -0.599404, -0.309495, 2.409785, 4.356053, 1.932887
t=4.184000, 1.298415, -0.564556, -0.294032, 2.274188, 4.415011, 1.963594
t=4.192000, 1.316608, -0.529236, -0.278323, 2.136671, 4.470289, 1.992664
t=4.200000, 1.333702, -0.493473, -0.262382, 1.997363, 4.521833, 2.020070
t=4.208000, 1.349681, -0.457299, -0.246221, 1.856398, 4.569595, 2.045786
t=4.216000, 1.364532, -0.420742, -0.229855, 1.713909, 4.613530, 2.069789
t=4.224000, 1.378243, -0.383834, -0.213296, 1.570031, 4.653599, 2.092055
t=4.232000, 1.390803, -0.346605, -0.196560, 1.424901, 4.689767, 2.112566
t=4.240000, 1.402203, -0.309087, -0.179659, 1.278659, 4.722004, 2.131304
t=4.248000, 1.412432, -0.271311, -0.162609, 1.131442, 4.750282, 2.148252
t=4.256000, 1.421483, -0.233308, -0.145423, 0.983391, 4.774582, 2.163398
t=4.264000, 1.429350, -0.195112, -0.128116, 0.834647, 4.794886, 2.176731
t=4.272000, 1.436028, -0.156753, -0.110702, 0.685350, 4.811183, 2.188240
t=4.280000, 1.441510, -0.118263, -0.093196, 0.535640, 4.823465, 2.197919
t=4.288000, 1.445796, -0.079675, -0.075613, 0.385660, 4.831730, 2.205763
t=4.296000, 1.448881, -0.041022, -0.057967, 0.235549, 4.835980, 2.211768
t=4.304000, 1.450765, -0.002334, -0.040272, 0.085447, 4.836222, 2.215935
t=4.312000, 1.451449, 0.036356, -0.022545, -0.064506, 4.832466, 2.218264
t=4.320000, 1.450933, 0.075016, -0.004799, -0.214173, 4.824728, 2.218759
t=4.328000, 1.449219, 0.113614, 0.012951, -0.363417, 4.813027, 2.217425
t=4.336000, 1.446312, 0.152118, 0.030691, -0.512101, 4.797389, 2.214270
t=4.344000, 1.442215, 0.190497, 0.048405, -0.660093, 4.777842, 2.209303
t=4.352000, 1.436935, 0.228720, 0.066079, -0.807259, 4.754417, 2.202536
t=4.360000, 1.430476, 0.266755, 0.083699, -0.953470, 4.727152, 2.193981
t=4.368000, 1.422849, 0.304572, 0.101251, -1.098596, 4.696086, 2.183653
t=4.376000, 1.414060, 0.342141, 0.118721, -1.242512, 4.661265, 2.171571
t=4.384000, 1.404120, 0.379431, 0.136093, -1.385093, 4.622735, 2.157751
t=4.392000, 1.393039, 0.416413, 0.153355, -1.526220, 4.580549, 2.142215
t=4.400000, 1.380829, 0.453057, 0.170493, -1.665773, 4.534761, 2.124984
t=4.408000, 1.367503, 0.489335, 0.187493, -1.803636, 4.485430, 2.106082
t=4.416000, 1.353074, 0.525219, 0.204341, -1.939696, 4.432616, 2.085534
t=4.424000, 1.337556, 0.560680, 0.221026, -2.073844, 4.376383, 2.063367
t=4.432000, 1.320966, 0.595691, 0.237533, -2.205972, 4.316800, 2.039608
t=4.440000, 1.303318, 0.630225, 0.253849, -2.335977, 4.253935, 2.014287
t=4.448000, 1.284630, 0.664257, 0.269964, -2.463759, 4.187862, 1.987434
t=4.456000, 1.264920, 0.697760, 0.285863, -2.589220, 4.118655, 1.959080
t=4.464000, 1.244206, 0.730709, 0.301536, -2.712266, 4.046391, 1.929260
t=4.472000, 1.222508, 0.763080, 0.316970, -2.832809, 3.971149, 1.898006
t=4.480000, 1.199846, 0.794849, 0.332154, -2.950760, 3.893011, 1.865353
t=4.488000, 1.176240, 0.825993, 0.347077, -3.066036, 3.812061, 1.831338
t=4.496000, 1.151711, 0.856490, 0.361727, -3.178559, 3.728381, 1.795997
t=4.504000, 1.126283, 0.886317, 0.376095, -3.288251, 3.642060, 1.759368
t=4.512000, 1.099977, 0.915453, 0.390170, -3.395040, 3.553185, 1.721489
t=4.520000, 1.072817, 0.943879, 0.403942, -3.498858, 3.461845, 1.682399
t=4.528000, 1.044826, 0.971573, 0.417402, -3.599638, 3.368130, 1.642138
t=4.536000, 1.016029, 0.998518, 0.430539, -3.697320, 3.272132, 1.600746
t=4.544000, 0.986450, 1.024696, 0.443345, -3.791845, 3.173942, 1.558263
t=4.552000, 0.956115, 1.050087, 0.455811, -3.883159, 3.073653, 1.514731
t=4.560000, 0.925050, 1.074676, 0.467929, -3.971211, 2.971359, 1.470191
t=4.568000, 0.893280, 1.098447, 0.479690, -4.055952, 2.867155, 1.424685
t=4.576000, 0.860833, 1.121384, 0.491088, -4.137340, 2.761133, 1.378255
t=4.584000, 0.827734, 1.143473, 0.502114, -4.215332, 2.653390, 1.330943
t=4.592000, 0.794011, 1.164701, 0.512761, -4.289893, 2.544020, 1.282793
t=4.600000, 0.759692, 1.185053, 0.523023, -4.360989, 2.433117, 1.233846
t=4.608000, 0.724804, 1.204518, 0.532894, -4.428588, 2.320778, 1.184145
t=4.616000, 0.689376, 1.223084, 0.542367, -4.492663, 2.207096, 1.133734
t=4.624000, 0.653434, 1.240741, 0.551437, -4.553191, 2.092166, 1.082654
t=4.632000, 0.617009, 1.257478, 0.560098, -4.610149, 1.976083, 1.030949
t=4.640000, 0.580128, 1.273287, 0.568346, -4.663521, 1.858941, 0.978662
t=4.648000, 0.542819, 1.288158, 0.576175, -4.713291, 1.740832, 0.925833
t=4.656000, 0.505113, 1.302085, 0.583582, -4.759447, 1.621851, 0.872507
t=4.664000, 0.467037, 1.315060, 0.590562, -4.801980, 1.502088, 0.818724
t=4.672000, 0.428622, 1.327076, 0.597112, -4.840884, 1.381637, 0.764528
t=4.680000, 0.389895, 1.338129, 0.603228, -4.876154, 1.260588, 0.709959
t=4.688000, 0.350885, 1.348214, 0.608908, -4.907791, 1.139031, 0.655059
t=4.696000, 0.311623, 1.357326, 0.614148, -4.935794, 1.017055, 0.599869
t=4.704000, 0.272137, 1.365463, 0.618947, -4.960170, 0.894749, 0.544429
t=4.712000, 0.232455, 1.372621, 0.623303, -4.980924, 0.772201, 0.488780
t=4.720000, 0.192608, 1.378798, 0.627213, -4.998065, 0.649497, 0.432962
t=4.728000, 0.152623, 1.383994, 0.630677, -5.011604, 0.526722, 0.377015
t=4.736000, 0.112531, 1.388208, 0.633693, -5.021555, 0.403961, 0.320977
t=4.744000, 0.072358, 1.391440, 0.636261, -5.027934, 0.281298, 0.264887
t=4.752000, 0.032135, 1.393690, 0.638380, -5.030758, 0.158815, 0.208783
t=4.760000, -0.008111, 1.394961, 0.640050, -5.030047, 0.036592, 0.152704
t=4.768000, -0.048352, 1.395254, 0.641272, -5.025823, -0.085289, 0.096686
t=4.776000, -0.088558, 1.394571, 0.642045, -5.018110, -0.206751, 0.040766
t=4.784000, -0.128703, 1.392917, 0.642371, -5.006933, -0.327716, -0.015019
t=4.792000, -0.168759, 1.390295, 0.642251, -4.992320, -0.448106, -0.070634
t=4.800000, -0.208697, 1.386711, 0.641686, -4.974299, -0.567848, -0.126043
t=4.808000, -0.248492, 1.382168, 0.640678, -4.952901, -0.686867, -0.181212
t=4.816000, -0.288115, 1.376673, 0.639228, -4.928159, -0.805090, -0.236106
t=4.824000, -0.327540, 1.370232, 0.637339, -4.900106, -0.922446, -0.290692
t=4.832000, -0.366741, 1.362853, 0.635013, -4.868778, -1.038865, -0.344937
t=4.840000, -0.405691, 1.354542, 0.632254, -4.834212, -1.154278, -0.398808
t=4.848000, -0.444365, 1.345307, 0.629064, -4.796445, -1.268617, -0.452273
t=4.856000, -0.482737, 1.335159, 0.625445, -4.755517, -1.381816, -0.505300
t=4.864000, -0.520781, 1.324104, 0.621403, -4.711469, -1.493810, -0.557859
t=4.872000, -0.558472, 1.312154, 0.616940, -4.664342, -1.604535, -0.609919
t=4.880000, -0.595787, 1.299317, 0.612061, -4.614181, -1.713928, -0.661450
t=4.888000, -0.632701, 1.285606, 0.606769, -4.561030, -1.821929, -0.712423
t=4.896000, -0.669189, 1.271030, 0.601070, -4.504933, -1.928476, -0.762809
t=4.904000, -0.705228, 1.255603, 0.594967, -4.445938, -2.033512, -0.812580
t=4.912000, -0.740796, 1.239334, 0.588467, -4.384093, -2.136979, -0.861709
t=4.920000, -0.775869, 1.222239, 0.581573, -4.319445, -2.238820, -0.910168
t=4.928000, -0.810424, 1.204328, 0.574292, -4.252044, -2.338980, -0.957930
t=4.936000, -0.844440, 1.185616, 0.566628, -4.181941, -2.437406, -1.004969
t=4.944000, -0.877896, 1.166117, 0.558588, -4.109188, -2.534045, -1.051261
t=4.952000, -0.910769, 1.145845, 0.550178, -4.033836, -2.628845, -1.096779
t=4.960000, -0.943040, 1.124814, 0.541404, -3.955940, -2.721757, -1.141500
t=4.968000, -0.974688, 1.103040, 0.532272, -3.875552, -2.812731, -1.185400
t=4.976000, -1.005692, 1.080538, 0.522789, -3.792727, -2.901719, -1.228454
t=4.984000, -1.036034, 1.057324, 0.512961, -3.707522, -2.988675, -1.270641
t=4.992000, -1.065694, 1.033415, 0.502796, -3.619992, -3.073554, -1.311938
