Posicion                     Velocidad
0.050801 -0.401164 -0.219558 8.151756 1.773446 0.101990
0.051616 -0.400987 -0.219547 8.151090 1.778618 0.104822
0.052431 -0.400809 -0.219537 8.150414 1.783791 0.107656
0.053246 -0.400631 -0.219526 8.149726 1.788963 0.110490
0.054061 -0.400452 -0.219515 8.149028 1.794136 0.113325
0.054876 -0.400272 -0.219504 8.148319 1.799308 0.116162
0.055691 -0.400092 -0.219492 8.147599 1.804481 0.118999
0.056506 -0.399912 -0.219480 8.146868 1.809653 0.121838
0.057321 -0.399731 -0.219468 8.146126 1.814825 0.124677
0.058135 -0.399549 -0.219456 8.145374 1.819996 0.127518
0.058950 -0.399367 -0.219443 8.144611 1.825167 0.130359
