Posicion                     Velocidad
21.253320, -19.490230, -8.506580, 0.803253, 0.761453, 0.291635
21.654946, -19.109504, -8.360763, 0.787525, 0.775332, 0.297707
22.048709, -18.721837, -8.211909, 0.771512, 0.788928, 0.303671
22.434465, -18.327373, -8.060073, 0.755222, 0.802237, 0.309524
22.812076, -17.926255, -7.905312, 0.738660, 0.815252, 0.315263
23.181406, -17.518629, -7.747680, 0.721831, 0.827969, 0.320888
23.542322, -17.104644, -7.587236, 0.704743, 0.840385, 0.326395
23.894693, -16.684452, -7.424039, 0.687400, 0.852494, 0.331783
24.238393, -16.258205, -7.258147, 0.669810, 0.864293, 0.337050
24.573298, -15.826058, -7.089622, 0.651980, 0.875777, 0.342195
24.899288, -15.388170, -6.918524, 0.633914, 0.886941, 0.347215
25.216245, -14.944699, -6.744917, 0.615620, 0.897783, 0.352108
25.524055, -14.495808, -6.568863, 0.597105, 0.908299, 0.356873
25.822608, -14.041658, -6.390427, 0.578376, 0.918483, 0.361508
26.111796, -13.582417, -6.209673, 0.559438, 0.928334, 0.366012
26.391515, -13.118250, -6.026667, 0.540299, 0.937847, 0.370382
26.661664, -12.649326, -5.841476, 0.520966, 0.947020, 0.374618
26.922147, -12.175816, -5.654167, 0.501446, 0.955848, 0.378717
27.172870, -11.697892, -5.464809, 0.481745, 0.964329, 0.382679
27.413742, -11.215728, -5.273469, 0.461872, 0.972460, 0.386502
27.644678, -10.729498, -5.080218, 0.441832, 0.980237, 0.390185
27.865594, -10.239379, -4.885125, 0.421634, 0.987659, 0.393726
28.076411, -9.745550, -4.688262, 0.401285, 0.994723, 0.397124
28.277054, -9.248188, -4.489700, 0.380791, 1.001425, 0.400378
28.467449, -8.747476, -4.289511, 0.360161, 1.007765, 0.403486
28.647529, -8.243593, -4.087768, 0.339401, 1.013738, 0.406449
28.817230, -7.736724, -3.884544, 0.318520, 1.019345, 0.409263
28.976490, -7.227052, -3.679912, 0.297524, 1.024581, 0.411930
29.125252, -6.714761, -3.473947, 0.276422, 1.029446, 0.414447
29.263463, -6.200038, -3.266723, 0.255220, 1.033938, 0.416814
29.391073, -5.683069, -3.058317, 0.233927, 1.038055, 0.419029
29.508036, -5.164041, -2.848802, 0.212550, 1.041797, 0.421093
29.614311, -4.643143, -2.638255, 0.191097, 1.045160, 0.423004
29.709860, -4.120563, -2.426753, 0.169575, 1.048145, 0.424762
29.794647, -3.596490, -2.214372, 0.147992, 1.050750, 0.426366
29.868643, -3.071115, -2.001189, 0.126357, 1.052975, 0.427816
29.931821, -2.544628, -1.787281, 0.104676, 1.054818, 0.429111
29.984159, -2.017219, -1.572726, 0.082957, 1.056279, 0.430250
30.025638, -1.489079, -1.357601, 0.061209, 1.057358, 0.431233
30.056242, -0.960400, -1.141984, 0.039439, 1.058053, 0.432060
30.075962, -0.431374, -0.925954, 0.017655, 1.058366, 0.432731
30.084789, 0.097809, -0.709589, -0.004136, 1.058295, 0.433245
30.082721, 0.626957, -0.492966, -0.025925, 1.057841, 0.433602
30.069759, 1.155877, -0.276166, -0.047704, 1.057004, 0.433802
30.045907, 1.684379, -0.059265, -0.069467, 1.055784, 0.433845
30.011173, 2.212271, 0.157658, -0.091204, 1.054181, 0.433731
29.965571, 2.739361, 0.374523, -0.112909, 1.052197, 0.433459
29.909116, 3.265460, 0.591253, -0.134573, 1.049832, 0.433031
29.841830, 3.790376, 0.807768, -0.156189, 1.047086, 0.432446
29.763735, 4.313919, 1.023991, -0.177749, 1.043961, 0.431704
29.674860, 4.835900, 1.239843, -0.199245, 1.040458, 0.430806
29.575238, 5.356129, 1.455246, -0.220670, 1.036578, 0.429752
29.464903, 5.874418, 1.670122, -0.242015, 1.032323, 0.428542
29.343896, 6.390579, 1.884393, -0.263273, 1.027693, 0.427177
29.212259, 6.904426, 2.097982, -0.284437, 1.022691, 0.425657
29.070040, 7.415771, 2.310810, -0.305499, 1.017318, 0.423983
28.917291, 7.924430, 2.522802, -0.326451, 1.011576, 0.422155
28.754065, 8.430219, 2.733879, -0.347286, 1.005468, 0.420174
28.580423, 8.932953, 2.943966, -0.367996, 0.998995, 0.418041
28.396425, 9.432450, 3.152986, -0.388574, 0.992160, 0.415756
28.202138, 9.928530, 3.360864, -0.409012, 0.984964, 0.413320
27.997632, 10.421012, 3.567524, -0.429303, 0.977412, 0.410735
27.782980, 10.909718, 3.772891, -0.449440, 0.969504, 0.408000
27.558260, 11.394470, 3.976891, -0.469416, 0.961245, 0.405117
27.323552, 11.875092, 4.179450, -0.489223, 0.952637, 0.402088
27.078940, 12.351411, 4.380494, -0.508854, 0.943682, 0.398912
26.824513, 12.823252, 4.579950, -0.528302, 0.934385, 0.395591
26.560362, 13.290445, 4.777745, -0.547560, 0.924749, 0.392127
26.286582, 13.752819, 4.973809, -0.566622, 0.914776, 0.388520
26.003271, 14.210207, 5.168069, -0.585479, 0.904471, 0.384773
25.710532, 14.662443, 5.360456, -0.604126, 0.893837, 0.380885
25.408469, 15.109361, 5.550898, -0.622555, 0.882878, 0.376859
25.097191, 15.550800, 5.739327, -0.640761, 0.871597, 0.372695
24.776810, 15.986599, 5.925675, -0.658736, 0.859999, 0.368396
24.447443, 16.416598, 6.109873, -0.676473, 0.848088, 0.363964
24.109206, 16.840643, 6.291855, -0.693967, 0.835869, 0.359398
23.762222, 17.258577, 6.471554, -0.711212, 0.823344, 0.354702
23.406616, 17.670249, 6.648905, -0.728199, 0.810520, 0.349876
23.042517, 18.075509, 6.823843, -0.744925, 0.797399, 0.344923
22.670054, 18.474208, 6.996304, -0.761382, 0.783988, 0.339844
22.289363, 18.866203, 7.166227, -0.777565, 0.770291, 0.334641
21.900581, 19.251348, 7.333547, -0.793467, 0.756312, 0.329316
21.503847, 19.629504, 7.498205, -0.809083, 0.742057, 0.323871
21.099306, 20.000533, 7.660141, -0.824407, 0.727531, 0.318308
20.687102, 20.364299, 7.819295, -0.839434, 0.712739, 0.312628
20.267386, 20.720668, 7.975609, -0.854157, 0.697686, 0.306834
19.840307, 21.069511, 8.129025, -0.868573, 0.682378, 0.300927
19.406020, 21.410700, 8.279489, -0.882674, 0.666819, 0.294911
18.964683, 21.744110, 8.426945, -0.896457, 0.651016, 0.288787
18.516455, 22.069618, 8.571338, -0.909916, 0.634975, 0.282556
18.061496, 22.387105, 8.712616, -0.923046, 0.618700, 0.276223
17.599973, 22.696455, 8.850728, -0.935843, 0.602198, 0.269788
17.132052, 22.997554, 8.985621, -0.948301, 0.585475, 0.263254
16.657902, 23.290292, 9.117248, -0.960416, 0.568537, 0.256623
16.177694, 23.574560, 9.245560, -0.972183, 0.551389, 0.249898
15.691602, 23.850255, 9.370508, -0.983598, 0.534038, 0.243081
15.199803, 24.117274, 9.492049, -0.994658, 0.516490, 0.236174
14.702474, 24.375519, 9.610136, -1.005357, 0.498752, 0.229181
14.199796, 24.624895, 9.724726, -1.015692, 0.480829, 0.222103
13.691950, 24.865310, 9.835778, -1.025659, 0.462729, 0.214943
13.179120, 25.096674, 9.943250, -1.035254, 0.444457, 0.207704
12.661493, 25.318903, 10.047101, -1.044474, 0.426021, 0.200388
12.139256, 25.531913, 10.147296, -1.053314, 0.407426, 0.192998
11.612599, 25.735626, 10.243794, -1.061773, 0.388681, 0.185536
11.081713, 25.929966, 10.336563, -1.069846, 0.369790, 0.178006
10.546790, 26.114862, 10.425566, -1.077531, 0.350762, 0.170410
10.008024, 26.290242, 10.510770, -1.084824, 0.331603, 0.162750
9.465612, 26.456044, 10.592145, -1.091724, 0.312319, 0.155029
8.919750, 26.612204, 10.669660, -1.098226, 0.292919, 0.147251
8.370637, 26.758663, 10.743285, -1.104329, 0.273409, 0.139418
7.818472, 26.895368, 10.812994, -1.110031, 0.253796, 0.131533
7.263457, 27.022265, 10.878761, -1.115329, 0.234086, 0.123598
6.705792, 27.139309, 10.940560, -1.120221, 0.214289, 0.115617
6.145682, 27.246453, 10.998368, -1.124705, 0.194409, 0.107592
5.583330, 27.343658, 11.052165, -1.128779, 0.174455, 0.099527
5.018940, 27.430885, 11.101928, -1.132442, 0.154435, 0.091424
4.452719, 27.508102, 11.147640, -1.135693, 0.134354, 0.083287
3.884873, 27.575279, 11.189284, -1.138529, 0.114221, 0.075117
3.315609, 27.632390, 11.226842, -1.140950, 0.094042, 0.066919
2.745133, 27.679411, 11.260302, -1.142955, 0.073826, 0.058695
2.173656, 27.716324, 11.289649, -1.144543, 0.053579, 0.050448
1.601384, 27.743114, 11.314873, -1.145713, 0.033310, 0.042181
1.028528, 27.759768, 11.335963, -1.146465, 0.013024, 0.033897
0.455296, 27.766280, 11.352912, -1.146797, -0.007270, 0.025599
-0.118103, 27.762646, 11.365711, -1.146711, -0.027564, 0.017291
-0.691458, 27.748863, 11.374357, -1.146205, -0.047852, 0.008975
-1.264561, 27.724937, 11.378844, -1.145281, -0.068127, 0.000654
-1.837202, 27.690874, 11.379171, -1.143937, -0.088379, -0.007669
-2.409170, 27.646684, 11.375337, -1.142175, -0.108603, -0.015990
-2.980257, 27.592382, 11.367342, -1.139994, -0.128791, -0.024307
-3.550254, 27.527987, 11.355188, -1.137396, -0.148935, -0.032616
-4.118953, 27.453519, 11.338880, -1.134382, -0.169028, -0.040915
-4.686143, 27.369005, 11.318423, -1.130951, -0.189063, -0.049200
-5.251619, 27.274474, 11.293823, -1.127106, -0.209032, -0.057469
-5.815172, 27.169958, 11.265088, -1.122848, -0.228927, -0.065718
-6.376596, 27.055494, 11.232229, -1.118178, -0.248743, -0.073944
-6.935685, 26.931123, 11.195257, -1.113097, -0.268470, -0.082145
-7.492234, 26.796888, 11.154184, -1.107608, -0.288103, -0.090317
-8.046038, 26.652837, 11.109026, -1.101712, -0.307633, -0.098458
-8.596894, 26.499020, 11.059797, -1.095412, -0.327054, -0.106563
-9.144600, 26.335493, 11.006515, -1.088709, -0.346358, -0.114631
-9.688954, 26.162315, 10.949200, -1.081606, -0.365538, -0.122658
-10.229757, 25.979546, 10.887871, -1.074105, -0.384587, -0.130642
-10.766809, 25.787252, 10.822550, -1.066209, -0.403499, -0.138578
-11.299914, 25.585502, 10.753261, -1.057920, -0.422265, -0.146466
-11.828874, 25.374370, 10.680028, -1.049243, -0.440880, -0.154301
-12.353495, 25.153930, 10.602878, -1.040179, -0.459336, -0.162080
-12.873585, 24.924262, 10.521837, -1.030732, -0.477626, -0.169801
-13.388950, 24.685448, 10.436937, -1.020905, -0.495744, -0.177462
-13.899403, 24.437576, 10.348206, -1.010702, -0.513683, -0.185058
-14.404754, 24.180735, 10.255677, -1.000126, -0.531435, -0.192587
-14.904817, 23.915017, 10.159383, -0.989182, -0.548996, -0.200047
-15.399408, 23.640520, 10.059360, -0.977873, -0.566357, -0.207435
-15.888344, 23.357341, 9.955643, -0.966203, -0.583513, -0.214747
-16.371446, 23.065584, 9.848269, -0.954176, -0.600457, -0.221982
-16.848534, 22.765356, 9.737278, -0.941798, -0.617183, -0.229136
-17.319433, 22.456764, 9.622711, -0.929071, -0.633685, -0.236207
-17.783968, 22.139922, 9.504607, -0.916001, -0.649956, -0.243192
-18.241969, 21.814944, 9.383012, -0.902593, -0.665990, -0.250088
-18.693265, 21.481949, 9.257967, -0.888851, -0.681782, -0.256894
-19.137691, 21.141058, 9.129520, -0.874781, -0.697325, -0.263606
-19.575081, 20.792396, 8.997717, -0.860387, -0.712614, -0.270222
-20.005275, 20.436089, 8.862606, -0.845675, -0.727643, -0.276740
-20.428112, 20.072267, 8.724236, -0.830650, -0.742406, -0.283157
-20.843437, 19.701064, 8.582658, -0.815318, -0.756898, -0.289470
-21.251096, 19.322615, 8.437923, -0.799684, -0.771113, -0.295678
-21.650938, 18.937058, 8.290084, -0.783754, -0.785047, -0.301777
-22.042815, 18.544535, 8.139195, -0.767533, -0.798693, -0.307767
-22.426581, 18.145188, 7.985312, -0.751028, -0.812047, -0.313643
-22.802096, 17.739165, 7.828490, -0.734245, -0.825103, -0.319405
-23.169218, 17.326613, 7.668788, -0.717190, -0.837858, -0.325050
-23.527813, 16.907685, 7.506262, -0.699870, -0.850305, -0.330576
-23.877748, 16.482532, 7.340974, -0.682289, -0.862440, -0.335981
-24.218893, 16.051312, 7.172984, -0.664456, -0.874259, -0.341263
-24.551121, 15.614182, 7.002352, -0.646376, -0.885758, -0.346420
-24.874309, 15.171303, 6.829142, -0.628057, -0.896931, -0.351449
-25.188337, 14.722838, 6.653418, -0.609504, -0.907776, -0.356350
-25.493089, 14.268950, 6.475243, -0.590725, -0.918286, -0.361120
-25.788452, 13.809807, 6.294683, -0.571727, -0.928460, -0.365757
-26.074316, 13.345577, 6.111805, -0.552517, -0.938292, -0.370260
-26.350574, 12.876431, 5.926675, -0.533102, -0.947780, -0.374627
-26.617125, 12.402541, 5.739361, -0.513488, -0.956919, -0.378856
-26.873869, 11.924081, 5.549934, -0.493684, -0.965706, -0.382946
-27.120711, 11.441228, 5.358461, -0.473697, -0.974138, -0.386895
-27.357559, 10.954159, 5.165013, -0.453533, -0.982212, -0.390701
-27.584326, 10.463054, 4.969663, -0.433201, -0.989924, -0.394365
-27.800927, 9.968092, 4.772480, -0.412708, -0.997271, -0.397882
-28.007281, 9.469456, 4.573539, -0.392062, -1.004252, -0.401254
-28.203312, 8.967330, 4.372912, -0.371270, -1.010863, -0.404478
-28.388947, 8.461898, 4.170673, -0.350340, -1.017102, -0.407553
-28.564117, 7.953347, 3.966897, -0.329279, -1.022966, -0.410477
-28.728756, 7.441865, 3.761658, -0.308096, -1.028453, -0.413251
-28.882805, 6.927638, 3.555033, -0.286799, -1.033561, -0.415872
-29.026204, 6.410858, 3.347096, -0.265395, -1.038289, -0.418341
-29.158902, 5.891713, 3.137926, -0.243892, -1.042633, -0.420655
-29.280848, 5.370397, 2.927599, -0.222299, -1.046594, -0.422814
-29.391997, 4.847100, 2.716192, -0.200622, -1.050169, -0.424817
-29.492308, 4.322015, 2.503784, -0.178871, -1.053356, -0.426663
-29.581744, 3.795337, 2.290452, -0.157054, -1.056155, -0.428353
-29.660271, 3.267260, 2.076275, -0.135178, -1.058565, -0.429884
-29.727860, 2.737977, 1.861333, -0.113252, -1.060584, -0.431257
-29.784486, 2.207685, 1.645705, -0.091283, -1.062213, -0.432471
-29.830127, 1.676579, 1.429470, -0.069281, -1.063449, -0.433525
-29.864768, 1.144854, 1.212707, -0.047253, -1.064294, -0.434420
-29.888394, 0.612707, 0.995497, -0.025207, -1.064746, -0.435154
-29.900997, 0.080334, 0.777920, -0.003152, -1.064805, -0.435728
-29.902573, -0.452068, 0.560057, 0.018905, -1.064472, -0.436141
-29.893121, -0.984304, 0.341986, 0.040954, -1.063746, -0.436393
-29.872644, -1.516177, 0.123790, 0.062989, -1.062627, -0.436484
-29.841149, -2.047491, -0.094453, 0.084999, -1.061117, -0.436415
-29.798650, -2.578049, -0.312660, 0.106979, -1.059215, -0.436184
-29.745160, -3.107657, -0.530752, 0.128918, -1.056923, -0.435793
-29.680701, -3.636118, -0.748648, 0.150810, -1.054241, -0.435240
-29.605296, -4.163239, -0.966268, 0.172645, -1.051171, -0.434528
-29.518973, -4.688824, -1.183532, 0.194417, -1.047713, -0.433655
-29.421765, -5.212681, -1.400360, 0.216116, -1.043868, -0.432622
-29.313707, -5.734615, -1.616671, 0.237735, -1.039639, -0.431430
-29.194840, -6.254434, -1.832386, 0.259265, -1.035026, -0.430078
-29.065207, -6.771947, -2.047425, 0.280699, -1.030032, -0.428569
-28.924858, -7.286964, -2.261709, 0.302029, -1.024659, -0.426901
-28.773843, -7.799293, -2.475159, 0.323246, -1.018908, -0.425076
-28.612220, -8.308747, -2.687697, 0.344344, -1.012781, -0.423094
-28.440048, -8.815138, -2.899244, 0.365313, -1.006282, -0.420956
-28.257392, -9.318279, -3.109722, 0.386147, -0.999412, -0.418663
-28.064319, -9.817984, -3.319054, 0.406837, -0.992173, -0.416216
-27.860900, -10.314071, -3.527162, 0.427376, -0.984570, -0.413616
-27.647212, -10.806356, -3.733970, 0.447756, -0.976604, -0.410864
-27.423334, -11.294658, -3.939402, 0.467970, -0.968279, -0.407960
-27.189349, -11.778797, -4.143382, 0.488010, -0.959597, -0.404906
-26.945344, -12.258596, -4.345835, 0.507869, -0.950562, -0.401703
-26.691410, -12.733877, -4.546687, 0.527539, -0.941178, -0.398352
-26.427640, -13.204466, -4.745863, 0.547014, -0.931447, -0.394855
-26.154133, -13.670189, -4.943290, 0.566286, -0.921375, -0.391213
-25.870990, -14.130877, -5.138897, 0.585347, -0.910963, -0.387426
-25.578317, -14.586358, -5.332610, 0.604191, -0.900217, -0.383498
-25.276221, -15.036467, -5.524359, 0.622811, -0.889140, -0.379428
-24.964816, -15.481037, -5.714073, 0.641200, -0.877737, -0.375219
-24.644216, -15.919906, -5.901683, 0.659351, -0.866011, -0.370872
-24.314540, -16.352911, -6.087119, 0.677258, -0.853968, -0.366390
-23.975911, -16.779895, -6.270314, 0.694914, -0.841612, -0.361772
-23.628454, -17.200701, -6.451200, 0.712312, -0.828946, -0.357022
-23.272298, -17.615174, -6.629711, 0.729446, -0.815977, -0.352141
-22.907575, -18.023163, -6.805781, 0.746310, -0.802709, -0.347131
-22.534420, -18.424517, -6.979346, 0.762897, -0.789147, -0.341993
-22.152971, -18.819091, -7.150343, 0.779202, -0.775296, -0.336730
-21.763370, -19.206739, -7.318708, 0.795219, -0.761161, -0.331344
-21.365761, -19.587319, -7.484380, 0.810941, -0.746748, -0.325837
-20.960290, -19.960693, -7.647299, 0.826363, -0.732061, -0.320210
-20.547109, -20.326724, -7.807404, 0.841479, -0.717107, -0.314467
-20.126369, -20.685277, -7.964637, 0.856284, -0.701891, -0.308608
-19.698228, -21.036223, -8.118941, 0.870772, -0.686419, -0.302636
-19.262842, -21.379432, -8.270259, 0.884938, -0.670696, -0.296554
-18.820373, -21.714780, -8.418536, 0.898777, -0.654729, -0.290364
-18.370984, -22.042145, -8.563718, 0.912284, -0.638523, -0.284068
-17.914842, -22.361406, -8.705752, 0.925454, -0.622084, -0.277668
-17.452115, -22.672448, -8.844586, 0.938282, -0.605419, -0.271166
-16.982974, -22.975157, -8.980169, 0.950764, -0.588533, -0.264566
-16.507592, -23.269424, -9.112452, 0.962894, -0.571434, -0.257870
-16.026145, -23.555140, -9.241388, 0.974669, -0.554127, -0.251080
-15.538810, -23.832204, -9.366928, 0.986085, -0.536618, -0.244199
-15.045768, -24.100513, -9.489027, 0.997137, -0.518915, -0.237229
-14.547200, -24.359971, -9.607641, 1.007821, -0.501024, -0.230172
-14.043289, -24.610483, -9.722727, 1.018133, -0.482952, -0.223033
-13.534222, -24.851959, -9.834244, 1.028071, -0.464705, -0.215812
-13.020187, -25.084311, -9.942150, 1.037629, -0.446290, -0.208513
-12.501373, -25.307456, -10.046406, 1.046805, -0.427713, -0.201139
-11.977970, -25.521312, -10.146976, 1.055596, -0.408983, -0.193692
-11.450172, -25.725804, -10.243821, 1.063998, -0.390105, -0.186175
-10.918172, -25.920856, -10.336909, 1.072009, -0.371087, -0.178591
-10.382168, -26.106400, -10.426204, 1.079625, -0.351936, -0.170942
-9.842355, -26.282368, -10.511675, 1.086845, -0.332658, -0.163232
-9.298933, -26.448697, -10.593291, 1.093664, -0.313261, -0.155463
-8.752101, -26.605327, -10.671023, 1.100082, -0.293753, -0.147639
-8.202060, -26.752204, -10.744842, 1.106095, -0.274140, -0.139761
-7.649013, -26.889274, -10.814723, 1.111702, -0.254429, -0.131834
-7.093162, -27.016488, -10.880640, 1.116900, -0.234628, -0.123859
-6.534712, -27.133803, -10.942569, 1.121689, -0.214745, -0.115840
-5.973867, -27.241175, -11.000489, 1.126066, -0.194786, -0.107780
-5.410834, -27.338568, -11.054380, 1.130030, -0.174758, -0.099682
-4.845819, -27.425947, -11.104221, 1.133579, -0.154670, -0.091549
-4.279029, -27.503282, -11.149995, 1.136713, -0.134528, -0.083383
-3.710673, -27.570546, -11.191687, 1.139430, -0.114340, -0.075189
-3.140958, -27.627716, -11.229281, 1.141730, -0.094114, -0.066967
-2.570093, -27.674773, -11.262765, 1.143611, -0.073856, -0.058723
-1.998288, -27.711701, -11.292127, 1.145073, -0.053574, -0.050459
-1.425751, -27.738488, -11.317356, 1.146117, -0.033276, -0.042177
-0.852693, -27.755126, -11.338444, 1.146740, -0.012970, -0.033881
-0.279323, -27.761611, -11.355385, 1.146945, 0.007339, -0.025575
0.294150, -27.757942, -11.368173, 1.146730, 0.027641, -0.017260
0.867515, -27.744121, -11.376803, 1.146095, 0.047930, -0.008940
1.440562, -27.720156, -11.381273, 1.145042, 0.068199, -0.000618
2.013083, -27.686056, -11.381582, 1.143570, 0.088439, 0.007702
2.584868, -27.641837, -11.377731, 1.141681, 0.108644, 0.016019
3.155709, -27.587515, -11.369721, 1.139375, 0.128806, 0.024328
3.725396, -27.523112, -11.357557, 1.136652, 0.148917, 0.032627
4.293722, -27.448654, -11.341243, 1.133515, 0.168971, 0.040913
4.860480, -27.364168, -11.320787, 1.129965, 0.188960, 0.049183
5.425462, -27.269688, -11.296195, 1.126002, 0.208877, 0.057433
5.988464, -27.165249, -11.267479, 1.121629, 0.228715, 0.065662
6.549278, -27.050892, -11.234648, 1.116847, 0.248466, 0.073864
7.107702, -26.926659, -11.197716, 1.111658, 0.268124, 0.082039
7.663531, -26.792597, -11.156696, 1.106065, 0.287680, 0.090183
8.216563, -26.648757, -11.111605, 1.100068, 0.307129, 0.098292
8.766597, -26.495192, -11.062459, 1.093671, 0.326462, 0.106364
9.313433, -26.331961, -11.009277, 1.086876, 0.345674, 0.114397
9.856871, -26.159125, -10.952078, 1.079686, 0.364756, 0.122386
10.396713, -25.976746, -10.890885, 1.072103, 0.383703, 0.130329
10.932765, -25.784895, -10.825721, 1.064130, 0.402507, 0.138224
11.464830, -25.583642, -10.756608, 1.055770, 0.421161, 0.146068
11.992715, -25.373061, -10.683575, 1.047027, 0.439660, 0.153856
12.516228, -25.153231, -10.606646, 1.037903, 0.457995, 0.161588
13.035179, -24.924233, -10.525852, 1.028402, 0.476161, 0.169260
13.549381, -24.686153, -10.441222, 1.018528, 0.494151, 0.176869
14.058645, -24.439077, -10.352788, 1.008285, 0.511958, 0.184412
14.562787, -24.183098, -10.260582, 0.997675, 0.529576, 0.191887
15.061625, -23.918310, -10.164638, 0.986704, 0.546999, 0.199292
15.554977, -23.644811, -10.064992, 0.975374, 0.564221, 0.206622
16.042664, -23.362700, -9.961681, 0.963692, 0.581234, 0.213877
16.524510, -23.072083, -9.854743, 0.951659, 0.598034, 0.221053
17.000339, -22.773066, -9.744216, 0.939282, 0.614614, 0.228147
17.469980, -22.465759, -9.630143, 0.926565, 0.630968, 0.235157
17.933263, -22.150274, -9.512564, 0.913512, 0.647091, 0.242081
18.390019, -21.826729, -9.391524, 0.900128, 0.662976, 0.248916
18.840083, -21.495241, -9.267066, 0.886418, 0.678617, 0.255659
19.283292, -21.155933, -9.139236, 0.872388, 0.694010, 0.262309
19.719486, -20.808927, -9.008081, 0.858042, 0.709149, 0.268863
20.148507, -20.454353, -8.873650, 0.843385, 0.724028, 0.275318
20.570200, -20.092339, -8.735991, 0.828424, 0.738642, 0.281672
20.984412, -19.723018, -8.595156, 0.813163, 0.752986, 0.287922
21.390993, -19.346525, -8.451194, 0.797608, 0.767054, 0.294068
21.789797, -18.962998, -8.304160, 0.781764, 0.780842, 0.300106
22.180679, -18.572577, -8.154108, 0.765639, 0.794345, 0.306034
22.563498, -18.175405, -8.001090, 0.749236, 0.807557, 0.311850
22.938117, -17.771626, -7.845165, 0.732563, 0.820475, 0.317553
23.304398, -17.361389, -7.686389, 0.715626, 0.833093, 0.323139
23.662211, -16.944842, -7.524819, 0.698430, 0.845407, 0.328608
24.011426, -16.522139, -7.360515, 0.680982, 0.857413, 0.333956
24.351917, -16.093432, -7.193537, 0.663288, 0.869106, 0.339183
24.683561, -15.658879, -7.023946, 0.645355, 0.880483, 0.344286
25.006238, -15.218638, -6.851803, 0.627189, 0.891539, 0.349264
25.319833, -14.772868, -6.677171, 0.608797, 0.902270, 0.354114
25.624231, -14.321734, -6.500114, 0.590185, 0.912672, 0.358835
25.919324, -13.865398, -6.320696, 0.571360, 0.922742, 0.363426
26.205004, -13.404027, -6.138983, 0.552330, 0.932476, 0.367884
26.481168, -12.937789, -5.955041, 0.533100, 0.941871, 0.372208
26.747718, -12.466853, -5.768937, 0.513678, 0.950924, 0.376397
27.004557, -11.991391, -5.580739, 0.494071, 0.959630, 0.380449
27.251593, -11.511576, -5.390514, 0.474286, 0.967988, 0.384363
27.488736, -11.027582, -5.198333, 0.454330, 0.975993, 0.388137
27.715901, -10.539585, -5.004264, 0.434211, 0.983644, 0.391769
27.933006, -10.047763, -4.808380, 0.413935, 0.990938, 0.395260
28.139974, -9.552294, -4.610750, 0.393510, 0.997871, 0.398606
28.336728, -9.053359, -4.411447, 0.372943, 1.004442, 0.401808
28.523200, -8.551138, -4.210543, 0.352242, 1.010648, 0.404864
28.699321, -8.045814, -4.008111, 0.331414, 1.016487, 0.407773
28.865028, -7.537570, -3.804224, 0.310467, 1.021957, 0.410533
29.020261, -7.026592, -3.598958, 0.289408, 1.027056, 0.413145
29.164965, -6.513064, -3.392385, 0.268245, 1.031782, 0.415607
29.299088, -5.997173, -3.184582, 0.246986, 1.036134, 0.417917
29.422581, -5.479106, -2.975623, 0.225637, 1.040109, 0.420076
29.535399, -4.959051, -2.765585, 0.204208, 1.043707, 0.422083
29.637503, -4.437198, -2.554543, 0.182704, 1.046927, 0.423936
29.728855, -3.913734, -2.342575, 0.161136, 1.049766, 0.425636
29.809423, -3.388851, -2.129757, 0.139509, 1.052225, 0.427181
29.879178, -2.862739, -1.916167, 0.117832, 1.054302, 0.428571
29.938094, -2.335588, -1.701881, 0.096113, 1.055996, 0.429806
29.986150, -1.807590, -1.486978, 0.074359, 1.057307, 0.430885
30.023329, -1.278937, -1.271536, 0.052578, 1.058235, 0.431807
30.049619, -0.749819, -1.055632, 0.030779, 1.058779, 0.432573
30.065008, -0.220430, -0.839346, 0.008968, 1.058939, 0.433182
30.069492, 0.309040, -0.622755, -0.012845, 1.058715, 0.433634
30.063069, 0.838397, -0.405938, -0.034654, 1.058107, 0.433928
30.045742, 1.367451, -0.188974, -0.056451, 1.057115, 0.434065
30.017517, 1.896008, 0.028059, -0.078227, 1.055739, 0.434045
29.978403, 2.423877, 0.245081, -0.099975, 1.053981, 0.433867
29.928415, 2.950868, 0.462015, -0.121687, 1.051840, 0.433532
29.867572, 3.476788, 0.678781, -0.143355, 1.049318, 0.433039
29.795894, 4.001447, 0.895300, -0.164972, 1.046415, 0.432390
29.713408, 4.524654, 1.111495, -0.186529, 1.043132, 0.431584
29.620144, 5.046220, 1.327287, -0.208019, 1.039471, 0.430621
29.516134, 5.565955, 1.542597, -0.229434, 1.035433, 0.429501
29.401417, 6.083672, 1.757348, -0.250767, 1.031018, 0.428226
29.276034, 6.599181, 1.971461, -0.272009, 1.026230, 0.426796
29.140029, 7.112296, 2.184859, -0.293153, 1.021070, 0.425210
28.993453, 7.622831, 2.397464, -0.314192, 1.015538, 0.423471
28.836357, 8.130600, 2.609200, -0.335117, 1.009638, 0.421577
28.668799, 8.635419, 2.819989, -0.355922, 1.003371, 0.419531
28.490838, 9.137105, 3.029754, -0.376598, 0.996740, 0.417332
28.302539, 9.635475, 3.238420, -0.397139, 0.989747, 0.414982
28.103969, 10.130348, 3.445911, -0.417537, 0.982395, 0.412481
27.895201, 10.621546, 3.652151, -0.437784, 0.974685, 0.409830
27.676309, 11.108888, 3.857066, -0.457874, 0.966622, 0.407030
27.447372, 11.592199, 4.060582, -0.477798, 0.958207, 0.404083
27.208472, 12.071302, 4.262623, -0.497551, 0.949443, 0.400988
26.959697, 12.546024, 4.463117, -0.517124, 0.940335, 0.397748
26.701135, 13.016191, 4.661991, -0.536510, 0.930884, 0.394363
26.432880, 13.481634, 4.859172, -0.555703, 0.921095, 0.390835
26.155028, 13.942181, 5.054590, -0.574696, 0.910971, 0.387164
25.867680, 14.397667, 5.248172, -0.593481, 0.900515, 0.383353
25.570940, 14.847924, 5.439848, -0.612053, 0.889732, 0.379402
25.264913, 15.292790, 5.629549, -0.630403, 0.878624, 0.375313
24.949712, 15.732102, 5.817206, -0.648526, 0.867197, 0.371088
24.625448, 16.165700, 6.002750, -0.666415, 0.855453, 0.366727
24.292241, 16.593427, 6.186113, -0.684064, 0.843398, 0.362233
23.950209, 17.015126, 6.367230, -0.701465, 0.831035, 0.357607
23.599476, 17.430643, 6.546033, -0.718614, 0.818369, 0.352850
23.240169, 17.839828, 6.722458, -0.735502, 0.805405, 0.347965
22.872418, 18.242531, 6.896440, -0.752125, 0.792147, 0.342953
22.496356, 18.638604, 7.067917, -0.768476, 0.778600, 0.337815
22.112118, 19.027904, 7.236825, -0.784550, 0.764768, 0.332555
21.719843, 19.410288, 7.403102, -0.800340, 0.750657, 0.327173
21.319673, 19.785617, 7.566688, -0.815841, 0.736272, 0.321672
20.911752, 20.153753, 7.727524, -0.831046, 0.721617, 0.316053
20.496229, 20.514561, 7.885551, -0.845951, 0.706699, 0.310318
20.073253, 20.867911, 8.040710, -0.860550, 0.691522, 0.304470
19.642978, 21.213672, 8.192945, -0.874838, 0.676092, 0.298511
19.205559, 21.551718, 8.342200, -0.888809, 0.660414, 0.292442
18.761154, 21.881925, 8.488421, -0.902459, 0.644494, 0.286267
18.309925, 22.204172, 8.631555, -0.915781, 0.628338, 0.279986
17.852034, 22.518341, 8.771548, -0.928772, 0.611951, 0.273603
17.387648, 22.824316, 8.908349, -0.941427, 0.595340, 0.267120
16.916935, 23.121986, 9.041909, -0.953740, 0.578510, 0.260538
16.440064, 23.411241, 9.172178, -0.965708, 0.561467, 0.253861
15.957210, 23.691975, 9.299109, -0.977326, 0.544218, 0.247091
15.468547, 23.964084, 9.422654, -0.988589, 0.526769, 0.240230
14.974253, 24.227468, 9.542769, -0.999494, 0.509125, 0.233280
14.474505, 24.482031, 9.659410, -1.010037, 0.491294, 0.226245
13.969487, 24.727678, 9.772532, -1.020212, 0.473282, 0.219127
13.459381, 24.964319, 9.882095, -1.030018, 0.455095, 0.211927
12.944372, 25.191866, 9.988059, -1.039449, 0.436740, 0.204650
12.424647, 25.410236, 10.090384, -1.048503, 0.418223, 0.197297
11.900396, 25.619347, 10.189032, -1.057176, 0.399551, 0.189871
11.371808, 25.819123, 10.283968, -1.065465, 0.380731, 0.182375
10.839075, 26.009488, 10.375155, -1.073367, 0.361770, 0.174811
10.302391, 26.190373, 10.462561, -1.080879, 0.342674, 0.167183
9.761952, 26.361710, 10.546152, -1.087997, 0.323451, 0.159493
9.217953, 26.523436, 10.625899, -1.094720, 0.304107, 0.151743
8.670593, 26.675490, 10.701770, -1.101045, 0.284650, 0.143937
8.120071, 26.817815, 10.773739, -1.106968, 0.265086, 0.136077
7.566587, 26.950358, 10.841777, -1.112489, 0.245423, 0.128167
7.010342, 27.073069, 10.905861, -1.117605, 0.225667, 0.120209
6.451540, 27.185903, 10.965965, -1.122313, 0.205826, 0.112206
5.890383, 27.288815, 11.022068, -1.126613, 0.185907, 0.104160
5.327077, 27.381769, 11.074148, -1.130502, 0.165917, 0.096076
4.761826, 27.464728, 11.122186, -1.133978, 0.145864, 0.087955
4.194837, 27.537660, 11.166163, -1.137042, 0.125755, 0.079801
3.626317, 27.600538, 11.206064, -1.139690, 0.105597, 0.071617
3.056472, 27.653336, 11.241872, -1.141923, 0.085398, 0.063405
2.485510, 27.696035, 11.273575, -1.143738, 0.065164, 0.055169
1.913641, 27.728617, 11.301159, -1.145137, 0.044904, 0.046912
1.341073, 27.751069, 11.324615, -1.146117, 0.024624, 0.038636
0.768014, 27.763381, 11.343933, -1.146678, 0.004332, 0.030345
0.194675, 27.765547, 11.359105, -1.146820, -0.015964, 0.022042
-0.378735, 27.757565, 11.370126, -1.146543, -0.036257, 0.013729
-0.952007, 27.739437, 11.376991, -1.145847, -0.056540, 0.005410
-1.524930, 27.711167, 11.379696, -1.144732, -0.076805, -0.002912
-2.097296, 27.672764, 11.378240, -1.143198, -0.097045, -0.011234
-2.668895, 27.624241, 11.372623, -1.141246, -0.117253, -0.019553
-3.239518, 27.565615, 11.362846, -1.138876, -0.137420, -0.027867
-3.808956, 27.496905, 11.348913, -1.136089, -0.157541, -0.036171
-4.377000, 27.418134, 11.330828, -1.132885, -0.177606, -0.044463
-4.943443, 27.329331, 11.308596, -1.129267, -0.197609, -0.052740
-5.508077, 27.230527, 11.282226, -1.125235, -0.217543, -0.060999
-6.070694, 27.121755, 11.251726, -1.120790, -0.237400, -0.069237
-6.631089, 27.003055, 11.217108, -1.115935, -0.257173, -0.077451
-7.189057, 26.874468, 11.178382, -1.110670, -0.276855, -0.085637
-7.744392, 26.736041, 11.135564, -1.104997, -0.296438, -0.093794
-8.296890, 26.587822, 11.088667, -1.098919, -0.315915, -0.101917
-8.846350, 26.429865, 11.037708, -1.092438, -0.335279, -0.110004
-9.392569, 26.262225, 10.982707, -1.085556, -0.354523, -0.118051
-9.935347, 26.084964, 10.923681, -1.078274, -0.373639, -0.126057
-10.474484, 25.898144, 10.860652, -1.070597, -0.392622, -0.134017
-11.009783, 25.701833, 10.793644, -1.062526, -0.411462, -0.141930
-11.541046, 25.496102, 10.722679, -1.054065, -0.430155, -0.149791
-12.068078, 25.281025, 10.647784, -1.045216, -0.448692, -0.157598
-12.590686, 25.056678, 10.568984, -1.035983, -0.467068, -0.165349
-13.108678, 24.823145, 10.486310, -1.026368, -0.485274, -0.173040
-13.621862, 24.580508, 10.399790, -1.016376, -0.503305, -0.180669
-14.130050, 24.328855, 10.309455, -1.006010, -0.521153, -0.188232
-14.633055, 24.068278, 10.215339, -0.995273, -0.538813, -0.195728
-15.130691, 23.798872, 10.117475, -0.984170, -0.556277, -0.203152
-15.622776, 23.520734, 10.015899, -0.972704, -0.573539, -0.210503
-16.109128, 23.233964, 9.910648, -0.960880, -0.590593, -0.217777
-16.589568, 22.938668, 9.801759, -0.948702, -0.607432, -0.224972
-17.063919, 22.634952, 9.689273, -0.936174, -0.624050, -0.232086
-17.532006, 22.322927, 9.573230, -0.923301, -0.640441, -0.239115
-17.993656, 22.002707, 9.453672, -0.910087, -0.656598, -0.246058
-18.448700, 21.674408, 9.330644, -0.896538, -0.672516, -0.252910
-18.896969, 21.338150, 9.204188, -0.882658, -0.688190, -0.259671
-19.338298, 20.994055, 9.074353, -0.868452, -0.703612, -0.266337
-19.772524, 20.642249, 8.941184, -0.853926, -0.718777, -0.272906
-20.199487, 20.282860, 8.804732, -0.839084, -0.733680, -0.279375
-20.619029, 19.916020, 8.665044, -0.823933, -0.748315, -0.285742
-21.030996, 19.541863, 8.522173, -0.808477, -0.762676, -0.292005
-21.435234, 19.160525, 8.376170, -0.792722, -0.776759, -0.298162
-21.831595, 18.772146, 8.227089, -0.776675, -0.790557, -0.304209
-22.219933, 18.376867, 8.074985, -0.760341, -0.804067, -0.310145
-22.600103, 17.974834, 7.919912, -0.743725, -0.817282, -0.315968
-22.971966, 17.566193, 7.761928, -0.726835, -0.830197, -0.321675
-23.335383, 17.151094, 7.601091, -0.709676, -0.842809, -0.327264
-23.690221, 16.729690, 7.437459, -0.692254, -0.855112, -0.332734
-24.036348, 16.302133, 7.271092, -0.674576, -0.867102, -0.338081
-24.373636, 15.868583, 7.102051, -0.656649, -0.878773, -0.343305
-24.701960, 15.429196, 6.930399, -0.638478, -0.890123, -0.348403
-25.021200, 14.984135, 6.756197, -0.620072, -0.901146, -0.353373
-25.331235, 14.533562, 6.579511, -0.601436, -0.911838, -0.358214
-25.631953, 14.077643, 6.400404, -0.582577, -0.922196, -0.362923
-25.923242, 13.616545, 6.218943, -0.563502, -0.932215, -0.367499
-26.204993, 13.150437, 6.035193, -0.544219, -0.941892, -0.371940
-26.477102, 12.679492, 5.849224, -0.524734, -0.951223, -0.376244
-26.739469, 12.203880, 5.661102, -0.505055, -0.960204, -0.380411
-26.991997, 11.723778, 5.470896, -0.485189, -0.968833, -0.384437
-27.234592, 11.239361, 5.278678, -0.465143, -0.977106, -0.388322
-27.467163, 10.750809, 5.084517, -0.444925, -0.985019, -0.392065
-27.689625, 10.258299, 4.888484, -0.424541, -0.992571, -0.395664
-27.901896, 9.762013, 4.690652, -0.404001, -0.999757, -0.399117
-28.103896, 9.262135, 4.491094, -0.383310, -1.006576, -0.402423
-28.295551, 8.758847, 4.289882, -0.362478, -1.013025, -0.405582
-28.476790, 8.252334, 4.087091, -0.341511, -1.019101, -0.408591
-28.647546, 7.742784, 3.882796, -0.320417, -1.024802, -0.411450
-28.807754, 7.230383, 3.677071, -0.299205, -1.030126, -0.414157
-28.957357, 6.715320, 3.469992, -0.277882, -1.035071, -0.416713
-29.096297, 6.197784, 3.261636, -0.256455, -1.039635, -0.419115
-29.224525, 5.677967, 3.052078, -0.234934, -1.043816, -0.421362
-29.341992, 5.156058, 2.841397, -0.213325, -1.047614, -0.423455
-29.448654, 4.632251, 2.629670, -0.191637, -1.051025, -0.425391
-29.544473, 4.106739, 2.416974, -0.169878, -1.054050, -0.427171
-29.629412, 3.579714, 2.203389, -0.148056, -1.056686, -0.428794
-29.703440, 3.051371, 1.988992, -0.126179, -1.058933, -0.430259
-29.766530, 2.521904, 1.773862, -0.104256, -1.060791, -0.431566
-29.818658, 1.991509, 1.558079, -0.082293, -1.062258, -0.432713
-29.859804, 1.460380, 1.341723, -0.060300, -1.063333, -0.433701
-29.889954, 0.928713, 1.124872, -0.038285, -1.064017, -0.434530
-29.909097, 0.396705, 0.907607, -0.016255, -1.064310, -0.435198
-29.917224, -0.135450, 0.690008, 0.005781, -1.064210, -0.435707
-29.914334, -0.667555, 0.472155, 0.027814, -1.063718, -0.436054
-29.900427, -1.199414, 0.254127, 0.049838, -1.062835, -0.436242
-29.875508, -1.730831, 0.036007, 0.071842, -1.061560, -0.436268
-29.839587, -2.261611, -0.182127, 0.093821, -1.059894, -0.436134
-29.792676, -2.791558, -0.400194, 0.115764, -1.057838, -0.435839
-29.734794, -3.320477, -0.618114, 0.137665, -1.055392, -0.435384
-29.665962, -3.848173, -0.835806, 0.159514, -1.052558, -0.434768
-29.586205, -4.374452, -1.053190, 0.181305, -1.049336, -0.433993
-29.495552, -4.899121, -1.270186, 0.203028, -1.045728, -0.433057
-29.394038, -5.421985, -1.486715, 0.224676, -1.041735, -0.431962
-29.281700, -5.942852, -1.702696, 0.246240, -1.037358, -0.430708
-29.158580, -6.461531, -1.918050, 0.267714, -1.032600, -0.429296
-29.024723, -6.977831, -2.132698, 0.289088, -1.027461, -0.427725
-28.880180, -7.491562, -2.346561, 0.310355, -1.021945, -0.425997
-28.725002, -8.002534, -2.559559, 0.331507, -1.016052, -0.424113
-28.559249, -8.510560, -2.771616, 0.352536, -1.009785, -0.422072
-28.382981, -9.015453, -2.982652, 0.373434, -1.003147, -0.419876
-28.196264, -9.517026, -3.192589, 0.394194, -0.996140, -0.417525
-27.999167, -10.015096, -3.401352, 0.414808, -0.988767, -0.415021
-27.791763, -10.509480, -3.608862, 0.435268, -0.981030, -0.412364
-27.574128, -10.999995, -3.815044, 0.455567, -0.972932, -0.409555
-27.346345, -11.486460, -4.019822, 0.475698, -0.964476, -0.406596
-27.108496, -11.968699, -4.223120, 0.495652, -0.955666, -0.403488
-26.860670, -12.446532, -4.424864, 0.515422, -0.946505, -0.400231
-26.602959, -12.919784, -4.624979, 0.535002, -0.936996, -0.396827
-26.335458, -13.388283, -4.823393, 0.554383, -0.927143, -0.393277
-26.058266, -13.851854, -5.020031, 0.573560, -0.916950, -0.389583
-25.771486, -14.310329, -5.214823, 0.592524, -0.906420, -0.385746
-25.475225, -14.763539, -5.407696, 0.611268, -0.895557, -0.381767
-25.169591, -15.211317, -5.598579, 0.629787, -0.884365, -0.377648
-24.854697, -15.653500, -5.787403, 0.648072, -0.872849, -0.373390
-24.530661, -16.089924, -5.974098, 0.666118, -0.861012, -0.368995
-24.197602, -16.520430, -6.158595, 0.683917, -0.848860, -0.364465
-23.855644, -16.944860, -6.340828, 0.701463, -0.836397, -0.359801
-23.504912, -17.363059, -6.520728, 0.718750, -0.823627, -0.355005
-23.145537, -17.774873, -6.698231, 0.735771, -0.810556, -0.350080
-22.777652, -18.180150, -6.873271, 0.752520, -0.797187, -0.345025
-22.401392, -18.578744, -7.045783, 0.768991, -0.783527, -0.339845
-22.016896, -18.970508, -7.215706, 0.785178, -0.769580, -0.334540
-21.624307, -19.355297, -7.382976, 0.801075, -0.755351, -0.329112
-21.223769, -19.732973, -7.547532, 0.816676, -0.740846, -0.323564
-20.815432, -20.103396, -7.709314, 0.831975, -0.726070, -0.317898
-20.399444, -20.466431, -7.868263, 0.846967, -0.711029, -0.312116
-19.975961, -20.821946, -8.024321, 0.861646, -0.695728, -0.306219
-19.545137, -21.169809, -8.177431, 0.876008, -0.680173, -0.300210
-19.107134, -21.509896, -8.327536, 0.890046, -0.664370, -0.294092
-18.662111, -21.842081, -8.474582, 0.903755, -0.648324, -0.287867
-18.210233, -22.166243, -8.618515, 0.917131, -0.632042, -0.281536
-17.751668, -22.482264, -8.759283, 0.930169, -0.615529, -0.275102
-17.286583, -22.790028, -8.896834, 0.942864, -0.598793, -0.268569
-16.815151, -23.089425, -9.031119, 0.955212, -0.581838, -0.261937
-16.337545, -23.380344, -9.162087, 0.967207, -0.564672, -0.255210
-15.853941, -23.662680, -9.289692, 0.978846, -0.547300, -0.248390
-15.364518, -23.936330, -9.413887, 0.990125, -0.529729, -0.241480
-14.869456, -24.201194, -9.534627, 1.001038, -0.511967, -0.234482
-14.368937, -24.457178, -9.651868, 1.011583, -0.494018, -0.227398
-13.863145, -24.704187, -9.765567, 1.021756, -0.475890, -0.220233
-13.352267, -24.942132, -9.875684, 1.031553, -0.457590, -0.212987
-12.836491, -25.170926, -9.982177, 1.040970, -0.439124, -0.205663
-12.316006, -25.390488, -10.085009, 1.050004, -0.420499, -0.198266
-11.791004, -25.600738, -10.184142, 1.058652, -0.401722, -0.190796
-11.261677, -25.801599, -10.279540, 1.066911, -0.382801, -0.183258
-10.728222, -25.992999, -10.371169, 1.074778, -0.363741, -0.175653
-10.190833, -26.174870, -10.458995, 1.082249, -0.344550, -0.167985
-9.649709, -26.347145, -10.542988, 1.089323, -0.325236, -0.160256
-9.105047, -26.509763, -10.623116, 1.095997, -0.305805, -0.152469
-8.557049, -26.662665, -10.699350, 1.102268, -0.286264, -0.144628
-8.005915, -26.805797, -10.771664, 1.108135, -0.266621, -0.136735
-7.451847, -26.939108, -10.840032, 1.113595, -0.246883, -0.128792
-6.895050, -27.062549, -10.904428, 1.118646, -0.227056, -0.120804
-6.335726, -27.176078, -10.964830, 1.123287, -0.207150, -0.112772
-5.774083, -27.279652, -11.021215, 1.127516, -0.187170, -0.104700
-5.210325, -27.373237, -11.073565, 1.131332, -0.167124, -0.096590
-4.644659, -27.456799, -11.121860, 1.134733, -0.147019, -0.088447
-4.077292, -27.530309, -11.166084, 1.137718, -0.126864, -0.080272
-3.508433, -27.593741, -11.206219, 1.140286, -0.106664, -0.072068
-2.938290, -27.647073, -11.242253, 1.142437, -0.086429, -0.063840
-2.367072, -27.690287, -11.274173, 1.144169, -0.066164, -0.055589
-1.794987, -27.723369, -11.301968, 1.145483, -0.045878, -0.047319
-1.222246, -27.746308, -11.325627, 1.146377, -0.025577, -0.039033
-0.649058, -27.759096, -11.345143, 1.146852, -0.005270, -0.030733
-0.075632, -27.761731, -11.360510, 1.146907, 0.015036, -0.022423
0.497822, -27.754213, -11.371722, 1.146543, 0.035334, -0.014107
1.071093, -27.736546, -11.378775, 1.145760, 0.055616, -0.005786
1.643973, -27.708738, -11.381668, 1.144558, 0.075876, 0.002536
2.216252, -27.670800, -11.380400, 1.142937, 0.096105, 0.010856
2.787721, -27.622748, -11.374972, 1.140900, 0.116296, 0.019170
3.358170, -27.564600, -11.365387, 1.138445, 0.136442, 0.027477
3.927393, -27.496379, -11.351649, 1.135575, 0.156535, 0.035772
4.495181, -27.418111, -11.333763, 1.132291, 0.176569, 0.044053
5.061326, -27.329827, -11.311736, 1.128593, 0.196536, 0.052318
5.625623, -27.231559, -11.285577, 1.124484, 0.216428, 0.060562
6.187865, -27.123345, -11.255296, 1.119964, 0.236238, 0.068782
6.747847, -27.005226, -11.220905, 1.115036, 0.255960, 0.076977
7.305365, -26.877246, -11.182417, 1.109702, 0.275586, 0.085142
7.860216, -26.739453, -11.139846, 1.103963, 0.295109, 0.093275
8.412197, -26.591898, -11.093208, 1.097822, 0.314521, 0.101374
8.961108, -26.434638, -11.042521, 1.091281, 0.333816, 0.109434
9.506749, -26.267729, -10.987804, 1.084343, 0.352987, 0.117453
10.048920, -26.091236, -10.929078, 1.077010, 0.372027, 0.125428
10.587425, -25.905222, -10.866364, 1.069285, 0.390929, 0.133357
11.122067, -25.709758, -10.799685, 1.061170, 0.409686, 0.141236
11.652653, -25.504915, -10.729067, 1.052670, 0.428291, 0.149063
12.178988, -25.290770, -10.654536, 1.043787, 0.446737, 0.156834
12.700881, -25.067401, -10.576119, 1.034524, 0.465019, 0.164547
13.218143, -24.834892, -10.493845, 1.024886, 0.483129, 0.172199
13.730586, -24.593327, -10.407746, 1.014874, 0.501060, 0.179788
14.238023, -24.342797, -10.317852, 1.004494, 0.518807, 0.187310
14.740271, -24.083394, -10.224197, 0.993749, 0.536363, 0.194763
15.237145, -23.815213, -10.126816, 0.982643, 0.553721, 0.202144
15.728467, -23.538352, -10.025744, 0.971181, 0.570875, 0.209451
16.214057, -23.252914, -9.921018, 0.959365, 0.587820, 0.216680
16.693740, -22.959005, -9.812678, 0.947202, 0.604548, 0.223830
17.167341, -22.656730, -9.700764, 0.934695, 0.621055, 0.230897
17.634688, -22.346203, -9.585315, 0.921848, 0.637333, 0.237880
18.095612, -22.027536, -9.466375, 0.908668, 0.653378, 0.244775
18.549946, -21.700847, -9.343987, 0.895157, 0.669183, 0.251581
18.997525, -21.366255, -9.218197, 0.881323, 0.684743, 0.258294
19.438186, -21.023884, -9.089050, 0.867168, 0.700052, 0.264912
19.871770, -20.673858, -8.956594, 0.852700, 0.715105, 0.271433
20.298120, -20.316305, -8.820878, 0.837922, 0.729895, 0.277855
20.717081, -19.951358, -8.681950, 0.822841, 0.744419, 0.284175
