Posicion                     Velocidad
-4.112180, -29.568800, -7.989700, 1.157760, -0.213416, -0.415728
-3.185972, -29.739533, -8.322283, 1.161169, -0.181594, -0.406823
-2.257036, -29.884808, -8.647741, 1.163552, -0.150052, -0.397696
-1.326195, -30.004849, -8.965897, 1.164932, -0.118828, -0.388366
-0.394250, -30.099912, -9.276590, 1.165336, -0.087956, -0.378851
0.538019, -30.170277, -9.579671, 1.164792, -0.057469, -0.369171
1.469853, -30.216252, -9.875007, 1.163329, -0.027395, -0.359342
2.400517, -30.238168, -10.162481, 1.160977, 0.002239, -0.349383
3.329298, -30.236377, -10.441988, 1.157765, 0.031407, -0.339310
4.255510, -30.211251, -10.713435, 1.153725, 0.060090, -0.329138
5.178490, -30.163180, -10.976746, 1.148888, 0.088265, -0.318885
6.097601, -30.092567, -11.231854, 1.143285, 0.115917, -0.308564
7.012228, -29.999834, -11.478705, 1.136947, 0.143029, -0.298190
7.921786, -29.885411, -11.717258, 1.129907, 0.169588, -0.287777
8.825712, -29.749740, -11.947479, 1.122196, 0.195584, -0.277338
9.723469, -29.593273, -12.169349, 1.113843, 0.221005, -0.266884
10.614543, -29.416469, -12.382856, 1.104880, 0.245844, -0.256428
11.498447, -29.219794, -12.587998, 1.095336, 0.270096, -0.245980
12.374716, -29.003717, -12.784782, 1.085242, 0.293755, -0.235551
13.242909, -28.768713, -12.973223, 1.074625, 0.316818, -0.225151
14.102610, -28.515258, -13.153344, 1.063515, 0.339284, -0.214788
14.953422, -28.243831, -13.325174, 1.051938, 0.361151, -0.204471
15.794972, -27.954910, -13.488751, 1.039920, 0.382420, -0.194209
16.626908, -27.648975, -13.644118, 1.027489, 0.403092, -0.184007
17.448899, -27.326501, -13.791324, 1.014668, 0.423170, -0.173874
18.260634, -26.987965, -13.930423, 1.001483, 0.442657, -0.163815
19.061820, -26.633839, -14.061476, 0.987956, 0.461558, -0.153837
19.852185, -26.264593, -14.184545, 0.974110, 0.479876, -0.143944
20.631473, -25.880692, -14.299700, 0.959966, 0.497618, -0.134141
21.399446, -25.482598, -14.407013, 0.945546, 0.514789, -0.124433
22.155883, -25.070766, -14.506559, 0.930870, 0.531397, -0.114823
22.900579, -24.645649, -14.598418, 0.915956, 0.547447, -0.105316
23.633344, -24.207691, -14.682671, 0.900824, 0.562947, -0.095915
24.354003, -23.757333, -14.759403, 0.885490, 0.577905, -0.086622
25.062395, -23.295009, -14.828701, 0.869972, 0.592329, -0.077440
25.758373, -22.821146, -14.890653, 0.854285, 0.606227, -0.068372
26.441801, -22.336164, -14.945351, 0.838445, 0.619607, -0.059419
27.112557, -21.840478, -14.992887, 0.822467, 0.632479, -0.050584
27.770531, -21.334495, -15.033353, 0.806364, 0.644850, -0.041866
28.415622, -20.818615, -15.066847, 0.790150, 0.656729, -0.033269
29.047742, -20.293232, -15.093462, 0.773837, 0.668125, -0.024793
29.666812, -19.758732, -15.113296, 0.757438, 0.679048, -0.016438
30.272762, -19.215494, -15.126447, 0.740963, 0.689505, -0.008206
30.865532, -18.663890, -15.133012, 0.724423, 0.699506, -0.000097
31.445070, -18.104285, -15.133089, 0.707829, 0.709060, 0.007889
32.011334, -17.537037, -15.126778, 0.691190, 0.718176, 0.015751
32.564286, -16.962496, -15.114177, 0.674516, 0.726861, 0.023491
33.103898, -16.381007, -15.095385, 0.657815, 0.735126, 0.031106
33.630150, -15.792907, -15.070500, 0.641095, 0.742977, 0.038599
34.143026, -15.198525, -15.039620, 0.624364, 0.750425, 0.045969
34.642517, -14.598185, -15.002846, 0.607630, 0.757477, 0.053216
35.128621, -13.992203, -14.960273, 0.590899, 0.764141, 0.060341
35.601340, -13.380891, -14.912000, 0.574178, 0.770426, 0.067345
36.060682, -12.764550, -14.858124, 0.557472, 0.776339, 0.074228
36.506660, -12.143479, -14.798742, 0.540789, 0.781888, 0.080991
36.939291, -11.517969, -14.733949, 0.524133, 0.787082, 0.087634
37.358598, -10.888303, -14.663841, 0.507510, 0.791927, 0.094159
37.764605, -10.254762, -14.588514, 0.490923, 0.796431, 0.100567
38.157344, -9.617618, -14.508060, 0.474379, 0.800601, 0.106857
38.536847, -8.977137, -14.422574, 0.457881, 0.804444, 0.113032
38.903151, -8.333582, -14.332149, 0.441432, 0.807967, 0.119091
39.256297, -7.687208, -14.236876, 0.425038, 0.811178, 0.125037
39.596328, -7.038266, -14.136846, 0.408701, 0.814082, 0.130870
39.923289, -6.387001, -14.032150, 0.392425, 0.816685, 0.136590
40.237229, -5.733652, -13.922878, 0.376213, 0.818996, 0.142200
40.538199, -5.078456, -13.809118, 0.360067, 0.821018, 0.147700
40.826252, -4.421641, -13.690958, 0.343991, 0.822759, 0.153091
41.101445, -3.763434, -13.568485, 0.327987, 0.824225, 0.158374
41.363835, -3.104054, -13.441785, 0.312057, 0.825420, 0.163551
41.613481, -2.443718, -13.310944, 0.296204, 0.826351, 0.168622
41.850444, -1.782637, -13.176047, 0.280430, 0.827023, 0.173588
42.074788, -1.121018, -13.037176, 0.264736, 0.827441, 0.178451
42.286577, -0.459065, -12.894415, 0.249125, 0.827611, 0.183212
42.485877, 0.203023, -12.747846, 0.233597, 0.827537, 0.187871
42.672754, 0.865053, -12.597549, 0.218156, 0.827223, 0.192429
42.847279, 1.526831, -12.443606, 0.202801, 0.826676, 0.196888
43.009520, 2.188173, -12.286095, 0.187535, 0.825900, 0.201249
43.159547, 2.848892, -12.125096, 0.172358, 0.824898, 0.205513
43.297434, 3.508811, -11.960686, 0.157272, 0.823675, 0.209680
43.423252, 4.167751, -11.792941, 0.142278, 0.822236, 0.213752
43.537074, 4.825540, -11.621939, 0.127377, 0.820585, 0.217730
43.638976, 5.482007, -11.447755, 0.112570, 0.818724, 0.221615
43.729032, 6.136987, -11.270463, 0.097857, 0.816660, 0.225407
43.807318, 6.790315, -11.090138, 0.083240, 0.814394, 0.229107
43.873910, 7.441830, -10.906853, 0.068719, 0.811931, 0.232717
43.928884, 8.091375, -10.720679, 0.054294, 0.809274, 0.236237
43.972320, 8.738794, -10.531689, 0.039967, 0.806427, 0.239669
44.004293, 9.383935, -10.339954, 0.025738, 0.803392, 0.243012
44.024883, 10.026649, -10.145545, 0.011607, 0.800174, 0.246269
44.034169, 10.666788, -9.948530, -0.002425, 0.796775, 0.249439
44.032229, 11.304208, -9.748979, -0.016357, 0.793198, 0.252524
44.019143, 11.938767, -9.546960, -0.030190, 0.789446, 0.255524
43.994991, 12.570324, -9.342541, -0.043923, 0.785523, 0.258440
43.959853, 13.198742, -9.135789, -0.057555, 0.781430, 0.261273
43.913809, 13.823886, -8.926771, -0.071086, 0.777170, 0.264024
43.856940, 14.445622, -8.715552, -0.084517, 0.772746, 0.266692
43.789326, 15.063819, -8.502198, -0.097846, 0.768161, 0.269280
43.711050, 15.678348, -8.286774, -0.111073, 0.763417, 0.271788
43.622191, 16.289081, -8.069343, -0.124199, 0.758515, 0.274216
43.522832, 16.895893, -7.849970, -0.137223, 0.753459, 0.276565
43.413054, 17.498661, -7.628718, -0.150144, 0.748251, 0.278836
43.292938, 18.097262, -7.405649, -0.162963, 0.742893, 0.281029
43.162568, 18.691576, -7.180826, -0.175680, 0.737386, 0.283144
43.022024, 19.281484, -6.954311, -0.188293, 0.731733, 0.285183
42.871390, 19.866870, -6.726165, -0.200804, 0.725935, 0.287146
42.710746, 20.447618, -6.496448, -0.213212, 0.719995, 0.289033
42.540177, 21.023614, -6.265221, -0.225516, 0.713914, 0.290845
42.359764, 21.594746, -6.032545, -0.237717, 0.707694, 0.292583
42.169591, 22.160901, -5.798479, -0.249814, 0.701337, 0.294246
41.969740, 22.721970, -5.563082, -0.261807, 0.694844, 0.295836
41.760294, 23.277845, -5.326413, -0.273697, 0.688216, 0.297353
41.541336, 23.828418, -5.088531, -0.285482, 0.681456, 0.298796
41.312950, 24.373583, -4.849494, -0.297163, 0.674565, 0.300167
41.075220, 24.913235, -4.609360, -0.308740, 0.667543, 0.301466
40.828228, 25.447269, -4.368187, -0.320212, 0.660393, 0.302694
40.572059, 25.975584, -4.126032, -0.331578, 0.653116, 0.303850
40.306796, 26.498076, -3.882952, -0.342840, 0.645712, 0.304935
40.032524, 27.014646, -3.639004, -0.353997, 0.638184, 0.305949
39.749326, 27.525193, -3.394245, -0.365047, 0.630531, 0.306892
39.457289, 28.029618, -3.148731, -0.375992, 0.622756, 0.307766
39.156495, 28.527823, -2.902519, -0.386831, 0.614860, 0.308569
38.847031, 29.019711, -2.655663, -0.397563, 0.606843, 0.309303
38.528981, 29.505185, -2.408221, -0.408188, 0.598706, 0.309967
38.202430, 29.984149, -2.160247, -0.418706, 0.590450, 0.310562
37.867465, 30.456510, -1.911798, -0.429117, 0.582077, 0.311087
37.524172, 30.922172, -1.662928, -0.439420, 0.573587, 0.311544
37.172636, 31.381041, -1.413693, -0.449614, 0.564981, 0.311932
36.812944, 31.833026, -1.164147, -0.459700, 0.556259, 0.312251
36.445184, 32.278033, -0.914347, -0.469677, 0.547423, 0.312501
36.069442, 32.715971, -0.664346, -0.479545, 0.538473, 0.312683
35.685806, 33.146749, -0.414200, -0.489302, 0.529410, 0.312796
35.294365, 33.570277, -0.163963, -0.498949, 0.520234, 0.312841
34.895205, 33.986464, 0.086309, -0.508485, 0.510947, 0.312817
34.488417, 34.395222, 0.336563, -0.517909, 0.501548, 0.312725
34.074090, 34.796460, 0.586743, -0.527221, 0.492039, 0.312565
33.652314, 35.190091, 0.836795, -0.536420, 0.482419, 0.312336
33.223178, 35.576026, 1.086664, -0.545505, 0.472690, 0.312039
32.786773, 35.954178, 1.336295, -0.554477, 0.462852, 0.311673
32.343192, 36.324460, 1.585634, -0.563333, 0.452906, 0.311239
31.892525, 36.686785, 1.834625, -0.572074, 0.442851, 0.310736
31.434866, 37.041065, 2.083214, -0.580698, 0.432689, 0.310165
30.970307, 37.387216, 2.331346, -0.589205, 0.422419, 0.309524
30.498943, 37.725151, 2.578965, -0.597594, 0.412042, 0.308815
30.020868, 38.054785, 2.826017, -0.605864, 0.401559, 0.308037
29.536177, 38.376033, 3.072447, -0.614014, 0.390970, 0.307189
29.044965, 38.688809, 3.318198, -0.622043, 0.380276, 0.306271
28.547331, 38.993030, 3.563215, -0.629950, 0.369475, 0.305285
28.043371, 39.288610, 3.807442, -0.637734, 0.358570, 0.304228
27.533184, 39.575466, 4.050825, -0.645394, 0.347560, 0.303101
27.016869, 39.853513, 4.293305, -0.652929, 0.336445, 0.301903
26.494526, 40.122669, 4.534828, -0.660337, 0.325226, 0.300635
25.966257, 40.382850, 4.775336, -0.667617, 0.313903, 0.299296
25.432163, 40.633973, 5.014773, -0.674769, 0.302477, 0.297886
24.892347, 40.875954, 5.253082, -0.681791, 0.290947, 0.296405
24.346915, 41.108712, 5.490206, -0.688680, 0.279314, 0.294851
23.795971, 41.332163, 5.726087, -0.695437, 0.267578, 0.293225
23.239621, 41.546225, 5.960667, -0.702059, 0.255739, 0.291527
22.677974, 41.750816, 6.193888, -0.708545, 0.243798, 0.289755
22.111138, 41.945855, 6.425692, -0.714894, 0.231755, 0.287910
21.539223, 42.131259, 6.656020, -0.721103, 0.219610, 0.285991
20.962340, 42.306947, 6.884813, -0.727171, 0.207363, 0.283998
20.380604, 42.472837, 7.112012, -0.733096, 0.195015, 0.281931
19.794127, 42.628849, 7.337557, -0.738877, 0.182566, 0.279788
19.203026, 42.774901, 7.561387, -0.744511, 0.170015, 0.277569
18.607417, 42.910914, 7.783442, -0.749997, 0.157365, 0.275275
18.007420, 43.036805, 8.003662, -0.755332, 0.144613, 0.272903
17.403154, 43.152496, 8.221985, -0.760515, 0.131762, 0.270455
16.794742, 43.257906, 8.438349, -0.765543, 0.118812, 0.267928
16.182308, 43.352955, 8.652691, -0.770414, 0.105761, 0.265324
15.565977, 43.437564, 8.864950, -0.775126, 0.092612, 0.262640
14.945876, 43.511654, 9.075063, -0.779677, 0.079365, 0.259877
14.322135, 43.575146, 9.282964, -0.784063, 0.066019, 0.257034
13.694884, 43.627961, 9.488592, -0.788283, 0.052575, 0.254110
13.064258, 43.670020, 9.691880, -0.792334, 0.039034, 0.251105
12.430391, 43.701247, 9.892764, -0.796213, 0.025396, 0.248018
11.793420, 43.721564, 10.091178, -0.799918, 0.011661, 0.244848
11.153486, 43.730893, 10.287056, -0.803445, -0.002169, 0.241594
10.510730, 43.729158, 10.480332, -0.806792, -0.016094, 0.238257
9.865296, 43.716282, 10.670937, -0.809956, -0.030114, 0.234835
9.217331, 43.692191, 10.858805, -0.812934, -0.044228, 0.231327
8.566984, 43.656809, 11.043867, -0.815721, -0.058435, 0.227733
7.914407, 43.610061, 11.226053, -0.818317, -0.072734, 0.224052
7.259753, 43.551874, 11.405295, -0.820715, -0.087124, 0.220284
6.603181, 43.482175, 11.581522, -0.822914, -0.101606, 0.216427
5.944850, 43.400890, 11.754664, -0.824910, -0.116177, 0.212480
5.284921, 43.307949, 11.924648, -0.826699, -0.130836, 0.208444
4.623562, 43.203280, 12.091403, -0.828277, -0.145583, 0.204317
3.960940, 43.086814, 12.254856, -0.829641, -0.160416, 0.200098
3.297227, 42.958481, 12.414934, -0.830786, -0.175334, 0.195786
2.632599, 42.818213, 12.571564, -0.831708, -0.190336, 0.191382
1.967232, 42.665944, 12.724669, -0.832404, -0.205420, 0.186883
1.301309, 42.501608, 12.874175, -0.832868, -0.220585, 0.182290
0.635014, 42.325140, 13.020007, -0.833097, -0.235828, 0.177600
-0.031463, 42.136478, 13.162088, -0.833085, -0.251149, 0.172815
-0.697932, 41.935559, 13.300339, -0.832829, -0.266545, 0.167932
-1.364195, 41.722323, 13.434685, -0.832323, -0.282014, 0.162951
-2.030054, 41.496712, 13.565045, -0.831563, -0.297554, 0.157871
-2.695304, 41.258668, 13.691342, -0.830543, -0.313163, 0.152691
-3.359739, 41.008137, 13.813494, -0.829259, -0.328839, 0.147411
-4.023146, 40.745066, 13.931423, -0.827705, -0.344578, 0.142029
-4.685311, 40.469403, 14.045046, -0.825876, -0.360378, 0.136546
-5.346011, 40.181101, 14.154283, -0.823766, -0.376237, 0.130959
-6.005024, 39.880111, 14.259050, -0.821370, -0.392150, 0.125270
-6.662120, 39.566391, 14.359266, -0.818682, -0.408115, 0.119476
-7.317065, 39.239899, 14.454846, -0.815696, -0.424128, 0.113577
-7.969622, 38.900596, 14.545708, -0.812406, -0.440186, 0.107572
-8.619546, 38.548448, 14.631766, -0.808806, -0.456284, 0.101462
-9.266591, 38.183420, 14.712935, -0.804891, -0.472419, 0.095245
-9.910504, 37.805485, 14.789131, -0.800653, -0.488586, 0.088921
-10.551026, 37.414617, 14.860268, -0.796086, -0.504779, 0.082489
-11.187895, 37.010793, 14.926259, -0.791184, -0.520996, 0.075949
-11.820842, 36.593996, 14.987018, -0.785940, -0.537230, 0.069300
-12.449594, 36.164213, 15.042459, -0.780347, -0.553475, 0.062543
-13.073872, 35.721433, 15.092493, -0.774400, -0.569726, 0.055677
-13.693391, 35.265652, 15.137035, -0.768089, -0.585977, 0.048702
-14.307863, 34.796870, 15.175996, -0.761410, -0.602222, 0.041617
-14.916991, 34.315092, 15.209289, -0.754354, -0.618453, 0.034423
-15.520474, 33.820330, 15.236828, -0.746915, -0.634664, 0.027119
-16.118006, 33.312599, 15.258523, -0.739085, -0.650846, 0.019707
-16.709274, 32.791922, 15.274289, -0.730857, -0.666993, 0.012186
-17.293960, 32.258327, 15.284038, -0.722225, -0.683096, 0.004557
-17.871739, 31.711851, 15.287683, -0.713180, -0.699145, -0.003180
-18.442283, 31.152535, 15.285139, -0.703715, -0.715132, -0.011025
-19.005255, 30.580429, 15.276319, -0.693824, -0.731048, -0.018975
-19.560315, 29.995591, 15.261139, -0.683499, -0.746882, -0.027031
-20.107113, 29.398085, 15.239514, -0.672732, -0.762623, -0.035191
-20.645299, 28.787986, 15.211361, -0.661517, -0.778261, -0.043454
-21.174513, 28.165377, 15.176597, -0.649847, -0.793784, -0.051819
-21.694391, 27.530350, 15.135142, -0.637715, -0.809181, -0.060283
-22.204562, 26.883005, 15.086916, -0.625113, -0.824437, -0.068845
-22.704653, 26.223456, 15.031840, -0.612036, -0.839541, -0.077503
-23.194282, 25.551823, 14.969837, -0.598478, -0.854478, -0.086254
-23.673064, 24.868241, 14.900834, -0.584431, -0.869234, -0.095096
-24.140609, 24.172854, 14.824758, -0.569889, -0.883794, -0.104025
-24.596520, 23.465819, 14.741538, -0.554849, -0.898144, -0.113040
-25.040399, 22.747304, 14.651106, -0.539303, -0.912266, -0.122135
-25.471842, 22.017491, 14.553398, -0.523247, -0.926144, -0.131309
-25.890440, 21.276576, 14.448350, -0.506678, -0.939761, -0.140556
-26.295782, 20.524767, 14.335906, -0.489589, -0.953099, -0.149872
-26.687453, 19.762288, 14.216008, -0.471979, -0.966139, -0.159252
-27.065037, 18.989376, 14.088606, -0.453845, -0.978863, -0.168692
-27.428112, 18.206286, 13.953652, -0.435183, -0.991250, -0.178186
-27.776259, 17.413286, 13.811103, -0.415992, -1.003281, -0.187728
-28.109053, 16.610661, 13.660921, -0.396272, -1.014934, -0.197312
-28.426070, 15.798713, 13.503071, -0.376023, -1.026189, -0.206931
-28.726889, 14.977762, 13.337526, -0.355244, -1.037023, -0.216579
-29.011084, 14.148144, 13.164263, -0.333938, -1.047413, -0.226247
-29.278234, 13.310214, 12.983265, -0.312107, -1.057338, -0.235927
-29.527919, 12.464344, 12.794523, -0.289755, -1.066773, -0.245613
-29.759723, 11.610925, 12.598033, -0.266887, -1.075695, -0.255293
-29.973233, 10.750369, 12.393798, -0.243508, -1.084080, -0.264960
-30.168039, 9.883105, 12.181830, -0.219626, -1.091904, -0.274604
-30.343740, 9.009582, 11.962147, -0.195249, -1.099142, -0.284214
-30.499939, 8.130268, 11.734776, -0.170387, -1.105769, -0.293779
-30.636248, 7.245653, 11.499752, -0.145051, -1.111761, -0.303290
-30.752289, 6.356244, 11.257121, -0.119254, -1.117093, -0.312733
-30.847692, 5.462569, 11.006935, -0.093010, -1.121741, -0.322097
-30.922100, 4.565176, 10.749257, -0.066335, -1.125679, -0.331370
-30.975168, 3.664633, 10.484161, -0.039246, -1.128884, -0.340539
-31.006565, 2.761526, 10.211730, -0.011762, -1.131332, -0.349590
-31.015974, 1.856461, 9.932057, 0.016096, -1.132999, -0.358511
-31.003098, 0.950061, 9.645249, 0.044305, -1.133864, -0.367287
-30.967654, 0.042971, 9.351419, 0.072842, -1.133903, -0.375904
-30.909380, -0.864152, 9.050695, 0.101680, -1.133097, -0.384349
-30.828037, -1.770629, 8.743216, 0.130791, -1.131425, -0.392605
-30.723404, -2.675769, 8.429132, 0.160147, -1.128868, -0.400659
-30.595286, -3.578864, 8.108605, 0.189716, -1.125409, -0.408496
-30.443513, -4.479191, 7.781809, 0.219466, -1.121032, -0.416100
-30.267940, -5.376017, 7.448929, 0.249362, -1.115722, -0.423458
-30.068450, -6.268595, 7.110163, 0.279368, -1.109467, -0.430553
-29.844955, -7.156168, 6.765720, 0.309448, -1.102254, -0.437372
-29.597397, -8.037971, 6.415823, 0.339561, -1.094076, -0.443900
-29.325748, -8.913232, 6.060703, 0.369669, -1.084925, -0.450122
-29.030013, -9.781172, 5.700606, 0.399730, -1.074797, -0.456025
-28.710229, -10.641010, 5.335786, 0.429702, -1.063688, -0.461595
-28.366468, -11.491960, 4.966510, 0.459542, -1.051599, -0.466820
-27.998834, -12.333239, 4.593054, 0.489207, -1.038532, -0.471686
-27.607468, -13.164065, 4.215705, 0.518652, -1.024491, -0.476182
-27.192546, -13.983658, 3.834759, 0.547833, -1.009485, -0.480298
-26.754280, -14.791246, 3.450521, 0.576705, -0.993523, -0.484021
-26.292916, -15.586065, 3.063304, 0.605223, -0.976618, -0.487344
-25.808737, -16.367359, 2.673429, 0.633343, -0.958785, -0.490257
-25.302062, -17.134387, 2.281224, 0.661021, -0.940042, -0.492752
-24.773245, -17.886421, 1.887022, 0.688213, -0.920409, -0.494823
-24.222675, -18.622748, 1.491163, 0.714877, -0.899909, -0.496465
-23.650773, -19.342675, 1.093991, 0.740971, -0.878568, -0.497672
-23.057996, -20.045530, 0.695854, 0.766455, -0.856414, -0.498441
-22.444831, -20.730661, 0.297101, 0.791290, -0.833476, -0.498770
-21.811799, -21.397441, -0.101914, 0.815438, -0.809786, -0.498657
-21.159448, -22.045270, -0.500840, 0.838865, -0.785379, -0.498102
-20.488357, -22.673574, -0.899322, 0.861535, -0.760291, -0.497107
-19.799129, -23.281806, -1.297007, 0.883418, -0.734559, -0.495674
-19.092394, -23.869453, -1.693546, 0.904484, -0.708222, -0.493805
-18.368807, -24.436030, -2.088590, 0.924706, -0.681320, -0.491506
-17.629042, -24.981086, -2.481795, 0.944059, -0.653896, -0.488781
-16.873794, -25.504203, -2.872820, 0.962522, -0.625991, -0.485638
-16.103777, -26.004996, -3.261330, 0.980073, -0.597649, -0.482084
-15.319719, -26.483115, -3.646997, 0.996696, -0.568913, -0.478126
-14.522363, -26.938245, -4.029498, 1.012376, -0.539827, -0.473776
-13.712462, -27.370107, -4.408519, 1.027101, -0.510436, -0.469041
-12.890781, -27.778456, -4.783752, 1.040861, -0.480783, -0.463935
-12.058092, -28.163082, -5.154900, 1.053651, -0.450912, -0.458467
-11.215172, -28.523812, -5.521674, 1.065464, -0.420866, -0.452651
-10.362800, -28.860505, -5.883795, 1.076300, -0.390689, -0.446499
-9.501761, -29.173056, -6.240994, 1.086158, -0.360422, -0.440024
-8.632834, -29.461394, -6.593013, 1.095041, -0.330107, -0.433240
-7.756802, -29.725480, -6.939605, 1.102954, -0.299783, -0.426161
-6.874439, -29.965306, -7.280533, 1.109904, -0.269490, -0.418800
-5.986516, -30.180898, -7.615573, 1.115899, -0.239265, -0.411174
-5.093797, -30.372309, -7.944512, 1.120950, -0.209144, -0.403295
-4.197037, -30.539625, -8.267148, 1.125071, -0.179164, -0.395179
-3.296980, -30.682956, -8.583292, 1.128273, -0.149357, -0.386841
-2.394361, -30.802441, -8.892764, 1.130574, -0.119755, -0.378295
-1.489902, -30.898245, -9.195400, 1.131990, -0.090388, -0.369555
-0.584310, -30.970555, -9.491044, 1.132540, -0.061286, -0.360637
0.321722, -31.019584, -9.779554, 1.132241, -0.032475, -0.351554
1.227515, -31.045564, -10.060796, 1.131114, -0.003982, -0.342320
2.132406, -31.048750, -10.334652, 1.129181, 0.024171, -0.332949
3.035750, -31.029413, -10.601011, 1.126462, 0.051960, -0.323455
3.936920, -30.987845, -10.859775, 1.122980, 0.079366, -0.313850
4.835304, -30.924352, -11.110856, 1.118758, 0.106370, -0.304148
5.730310, -30.839256, -11.354174, 1.113818, 0.132953, -0.294361
6.621365, -30.732894, -11.589664, 1.108185, 0.159099, -0.284501
7.507913, -30.605614, -11.817264, 1.101881, 0.184796, -0.274579
8.389418, -30.457778, -12.036928, 1.094931, 0.210028, -0.264607
9.265363, -30.289755, -12.248614, 1.087358, 0.234786, -0.254596
10.135250, -30.101927, -12.452291, 1.079186, 0.259058, -0.244555
10.998598, -29.894680, -12.647935, 1.070438, 0.282835, -0.234495
11.854949, -29.668412, -12.835531, 1.061138, 0.306110, -0.224426
12.703859, -29.423524, -13.015072, 1.051308, 0.328877, -0.214356
13.544905, -29.160422, -13.186556, 1.040972, 0.351128, -0.204293
14.377683, -28.879520, -13.349991, 1.030153, 0.372861, -0.194247
15.201805, -28.581231, -13.505389, 1.018871, 0.394071, -0.184225
16.016902, -28.265974, -13.652769, 1.007150, 0.414756, -0.174234
16.822622, -27.934170, -13.792155, 0.995010, 0.434914, -0.164281
17.618631, -27.586238, -13.923580, 0.982473, 0.454545, -0.154373
18.404609, -27.222603, -14.047078, 0.969558, 0.473648, -0.144515
19.180255, -26.843684, -14.162690, 0.956285, 0.492223, -0.134715
19.945283, -26.449906, -14.270462, 0.942674, 0.510273, -0.124977
20.699423, -26.041687, -14.370444, 0.928744, 0.527799, -0.115305
21.442418, -25.619448, -14.462688, 0.914512, 0.544803, -0.105706
22.174028, -25.183606, -14.547253, 0.899997, 0.561288, -0.096184
22.894026, -24.734576, -14.624200, 0.885216, 0.577258, -0.086742
23.602198, -24.272770, -14.693593, 0.870184, 0.592716, -0.077384
24.298346, -23.798597, -14.755500, 0.854919, 0.607667, -0.068114
24.982281, -23.312463, -14.809992, 0.839436, 0.622115, -0.058935
25.653830, -22.814771, -14.857140, 0.823750, 0.636066, -0.049851
26.312830, -22.305918, -14.897020, 0.807875, 0.649524, -0.040863
26.959130, -21.786299, -14.929710, 0.791824, 0.662494, -0.031974
27.592589, -21.256304, -14.955290, 0.775613, 0.674983, -0.023188
28.213080, -20.716318, -14.973840, 0.759253, 0.686996, -0.014505
28.820482, -20.166721, -14.985444, 0.742756, 0.698539, -0.005927
29.414687, -19.607890, -14.990186, 0.726136, 0.709618, 0.002543
29.995596, -19.040195, -14.988152, 0.709402, 0.720240, 0.010904
30.563118, -18.464003, -14.979428, 0.692567, 0.730411, 0.019155
31.117171, -17.879675, -14.964104, 0.675641, 0.740137, 0.027295
31.657684, -17.287565, -14.942268, 0.658633, 0.749424, 0.035323
32.184590, -16.688026, -14.914010, 0.641553, 0.758280, 0.043237
32.697832, -16.081402, -14.879420, 0.624411, 0.766711, 0.051038
33.197361, -15.468033, -14.838589, 0.607216, 0.774723, 0.058724
33.683134, -14.848255, -14.791610, 0.589976, 0.782323, 0.066295
34.155115, -14.222397, -14.738574, 0.572698, 0.789517, 0.073750
34.613273, -13.590783, -14.679574, 0.555392, 0.796312, 0.081090
35.057587, -12.953734, -14.614702, 0.538064, 0.802715, 0.088314
35.488038, -12.311562, -14.544051, 0.520721, 0.808732, 0.095421
35.904615, -11.664576, -14.467714, 0.503370, 0.814369, 0.102413
36.307311, -11.013081, -14.385784, 0.486018, 0.819632, 0.109288
36.696125, -10.357376, -14.298353, 0.468670, 0.824528, 0.116048
37.071061, -9.697753, -14.205515, 0.451333, 0.829064, 0.122691
37.432127, -9.034502, -14.107362, 0.434011, 0.833244, 0.129219
37.779336, -8.367906, -14.003987, 0.416712, 0.837076, 0.135632
38.112705, -7.698245, -13.895482, 0.399438, 0.840565, 0.141930
38.432256, -7.025793, -13.781938, 0.382196, 0.843717, 0.148113
38.738013, -6.350819, -13.663448, 0.364990, 0.846538, 0.154181
39.030005, -5.673589, -13.540103, 0.347825, 0.849033, 0.160136
39.308265, -4.994362, -13.411994, 0.330703, 0.851209, 0.165978
39.572827, -4.313395, -13.279211, 0.313631, 0.853070, 0.171707
39.823732, -3.630940, -13.141845, 0.296610, 0.854621, 0.177324
40.061020, -2.947242, -12.999986, 0.279646, 0.855869, 0.182829
40.284737, -2.262547, -12.853723, 0.262740, 0.856819, 0.188223
40.494929, -1.577092, -12.703144, 0.245898, 0.857475, 0.193506
40.691647, -0.891112, -12.548339, 0.229121, 0.857842, 0.198680
40.874944, -0.204838, -12.389395, 0.212413, 0.857926, 0.203744
41.044874, 0.481503, -12.226400, 0.195776, 0.857731, 0.208700
41.201496, 1.167688, -12.059440, 0.179214, 0.857261, 0.213548
41.344867, 1.853497, -11.888602, 0.162728, 0.856522, 0.218288
41.475049, 2.538715, -11.713971, 0.146322, 0.855518, 0.222922
41.592107, 3.223129, -11.535634, 0.129997, 0.854253, 0.227450
41.696105, 3.906532, -11.353674, 0.113756, 0.852731, 0.231872
41.787110, 4.588717, -11.168177, 0.097601, 0.850957, 0.236190
41.865191, 5.269483, -10.979225, 0.081534, 0.848935, 0.240403
41.930418, 5.948631, -10.786902, 0.065557, 0.846668, 0.244513
41.982864, 6.625966, -10.591292, 0.049671, 0.844161, 0.248521
42.022601, 7.301295, -10.392475, 0.033879, 0.841417, 0.252427
42.049704, 7.974429, -10.190533, 0.018182, 0.838441, 0.256231
42.064249, 8.645181, -9.985549, 0.002582, 0.835234, 0.259934
42.066314, 9.313369, -9.777602, -0.012921, 0.831802, 0.263537
42.055978, 9.978810, -9.566772, -0.028323, 0.828148, 0.267041
42.033320, 10.641329, -9.353139, -0.043624, 0.824274, 0.270446
41.998420, 11.300748, -9.136783, -0.058823, 0.820184, 0.273752
41.951362, 11.956895, -8.917781, -0.073917, 0.815882, 0.276961
41.892228, 12.609601, -8.696212, -0.088907, 0.811370, 0.280073
41.821103, 13.258697, -8.472154, -0.103790, 0.806652, 0.283088
41.738070, 13.904018, -8.245684, -0.118566, 0.801729, 0.286007
41.643217, 14.545402, -8.016879, -0.133234, 0.796606, 0.288830
41.536630, 15.182687, -7.785815, -0.147791, 0.791285, 0.291559
41.418397, 15.815715, -7.552567, -0.162238, 0.785769, 0.294193
41.288607, 16.444330, -7.317213, -0.176573, 0.780059, 0.296734
41.147349, 17.068378, -7.079826, -0.190795, 0.774160, 0.299181
40.994713, 17.687706, -6.840481, -0.204903, 0.768073, 0.301535
40.830790, 18.302164, -6.599253, -0.218897, 0.761800, 0.303797
40.655673, 18.911604, -6.356216, -0.232774, 0.755345, 0.305966
40.469454, 19.515880, -6.111442, -0.246535, 0.748709, 0.308044
40.272225, 20.114847, -5.865007, -0.260179, 0.741894, 0.310031
40.064082, 20.708363, -5.616982, -0.273703, 0.734904, 0.311928
39.845120, 21.296285, -5.367440, -0.287109, 0.727739, 0.313733
39.615433, 21.878476, -5.116453, -0.300394, 0.720402, 0.315449
39.375117, 22.454798, -4.864093, -0.313558, 0.712895, 0.317075
39.124271, 23.025113, -4.610433, -0.326600, 0.705219, 0.318612
38.862991, 23.589289, -4.355543, -0.339519, 0.697378, 0.320060
38.591376, 24.147191, -4.099495, -0.352314, 0.689372, 0.321419
38.309525, 24.698688, -3.842360, -0.364984, 0.681203, 0.322690
38.017537, 25.243650, -3.584207, -0.377529, 0.672873, 0.323873
37.715514, 25.781949, -3.325109, -0.389948, 0.664384, 0.324968
37.403556, 26.313456, -3.065135, -0.402238, 0.655737, 0.325975
37.081765, 26.838045, -2.804355, -0.414401, 0.646935, 0.326895
36.750244, 27.355593, -2.542839, -0.426434, 0.637977, 0.327727
36.409096, 27.865975, -2.280657, -0.438338, 0.628867, 0.328473
36.058426, 28.369069, -2.017879, -0.450110, 0.619605, 0.329132
35.698338, 28.864753, -1.754574, -0.461750, 0.610193, 0.329704
35.328938, 29.352907, -1.490810, -0.473257, 0.600633, 0.330189
34.950333, 29.833414, -1.226659, -0.484630, 0.590925, 0.330589
34.562629, 30.306154, -0.962188, -0.495868, 0.581071, 0.330901
34.165934, 30.771010, -0.697467, -0.506970, 0.571072, 0.331128
33.760358, 31.227868, -0.432564, -0.517935, 0.560930, 0.331269
33.346011, 31.676612, -0.167549, -0.528761, 0.550645, 0.331323
32.923002, 32.117128, 0.097509, -0.539448, 0.540220, 0.331291
32.491443, 32.549304, 0.362542, -0.549995, 0.529654, 0.331174
32.051447, 32.973028, 0.627481, -0.560400, 0.518950, 0.330970
31.603127, 33.388188, 0.892257, -0.570662, 0.508108, 0.330680
31.146597, 33.794674, 1.156801, -0.580780, 0.497130, 0.330304
30.681973, 34.192378, 1.421045, -0.590753, 0.486016, 0.329843
30.209370, 34.581191, 1.684919, -0.600580, 0.474768, 0.329294
29.728906, 34.961005, 1.948354, -0.610258, 0.463386, 0.328660
29.240700, 35.331713, 2.211282, -0.619787, 0.451872, 0.327940
28.744870, 35.693211, 2.473634, -0.629166, 0.440226, 0.327132
28.241538, 36.045392, 2.735340, -0.638392, 0.428451, 0.326239
27.730824, 36.388152, 2.996331, -0.647465, 0.416545, 0.325259
27.212852, 36.721388, 3.256538, -0.656382, 0.404512, 0.324191
26.687746, 37.044998, 3.515891, -0.665143, 0.392351, 0.323037
26.155632, 37.358878, 3.774321, -0.673746, 0.380063, 0.321796
25.616635, 37.662929, 4.031757, -0.682189, 0.367650, 0.320467
25.070884, 37.957048, 4.288131, -0.690470, 0.355112, 0.319051
24.518507, 38.241138, 4.543371, -0.698588, 0.342450, 0.317546
23.959636, 38.515098, 4.797408, -0.706541, 0.329666, 0.315954
23.394403, 38.778831, 5.050171, -0.714327, 0.316760, 0.314273
22.822942, 39.032239, 5.301590, -0.721944, 0.303733, 0.312504
22.245386, 39.275225, 5.551593, -0.729391, 0.290586, 0.310645
21.661873, 39.507694, 5.800109, -0.736664, 0.277320, 0.308698
21.072542, 39.729551, 6.047067, -0.743763, 0.263936, 0.306661
20.477531, 39.940700, 6.292396, -0.750685, 0.250435, 0.304534
19.876983, 40.141048, 6.536023, -0.757428, 0.236818, 0.302316
19.271041, 40.330503, 6.777876, -0.763989, 0.223086, 0.300009
18.659849, 40.508972, 7.017883, -0.770367, 0.209241, 0.297610
18.043555, 40.676364, 7.255971, -0.776559, 0.195282, 0.295120
17.422308, 40.832590, 7.492067, -0.782563, 0.181211, 0.292538
16.796257, 40.977558, 7.726098, -0.788376, 0.167029, 0.289864
16.165556, 41.111181, 7.957989, -0.793996, 0.152738, 0.287098
15.530360, 41.233372, 8.187667, -0.799419, 0.138338, 0.284239
14.890824, 41.344042, 8.415058, -0.804644, 0.123831, 0.281286
14.247109, 41.443107, 8.640087, -0.809668, 0.109218, 0.278239
13.599375, 41.530481, 8.862678, -0.814487, 0.094500, 0.275098
12.947785, 41.606081, 9.082757, -0.819100, 0.079678, 0.271863
12.292505, 41.669824, 9.300248, -0.823502, 0.064755, 0.268532
11.633703, 41.721627, 9.515073, -0.827692, 0.049730, 0.265106
10.971550, 41.761411, 9.727158, -0.831665, 0.034606, 0.261583
10.306218, 41.789097, 9.936424, -0.835419, 0.019385, 0.257964
9.637883, 41.804604, 10.142795, -0.838950, 0.004067, 0.254247
8.966723, 41.807858, 10.346193, -0.842256, -0.011345, 0.250433
8.292918, 41.798782, 10.546539, -0.845332, -0.026850, 0.246521
7.616652, 41.777302, 10.743756, -0.848176, -0.042447, 0.242510
6.938112, 41.743344, 10.937764, -0.850783, -0.058132, 0.238400
6.257485, 41.696839, 11.128484, -0.853150, -0.073905, 0.234190
5.574966, 41.637715, 11.315836, -0.855273, -0.089763, 0.229881
4.890747, 41.565904, 11.499741, -0.857149, -0.105704, 0.225470
4.205028, 41.481341, 11.680117, -0.858773, -0.121726, 0.220959
3.518010, 41.383960, 11.856884, -0.860142, -0.137827, 0.216346
2.829897, 41.273699, 12.029961, -0.861251, -0.154004, 0.211631
2.140896, 41.150496, 12.199266, -0.862096, -0.170255, 0.206813
1.451219, 41.014292, 12.364716, -0.862674, -0.186576, 0.201893
0.761080, 40.865031, 12.526230, -0.862979, -0.202966, 0.196869
0.070697, 40.702658, 12.683725, -0.863008, -0.219422, 0.191741
-0.619709, 40.527120, 12.837118, -0.862755, -0.235940, 0.186509
-1.309913, 40.338369, 12.986325, -0.862217, -0.252517, 0.181172
-1.999686, 40.136355, 13.131263, -0.861388, -0.269149, 0.175730
-2.688797, 39.921036, 13.271847, -0.860264, -0.285835, 0.170183
-3.377008, 39.692368, 13.407994, -0.858840, -0.302569, 0.164531
-4.064081, 39.450313, 13.539618, -0.857112, -0.319348, 0.158772
-4.749770, 39.194834, 13.666636, -0.855074, -0.336168, 0.152907
-5.433829, 38.925900, 13.788961, -0.852720, -0.353025, 0.146936
-6.116005, 38.643479, 13.906510, -0.850047, -0.369915, 0.140858
-6.796043, 38.347548, 14.019196, -0.847049, -0.386832, 0.134673
-7.473682, 38.038082, 14.126934, -0.843721, -0.403773, 0.128381
-8.148659, 37.715063, 14.229639, -0.840057, -0.420732, 0.121983
-8.820704, 37.378477, 14.327225, -0.836051, -0.437704, 0.115477
-9.489545, 37.028313, 14.419607, -0.831700, -0.454684, 0.108865
-10.154905, 36.664566, 14.506699, -0.826996, -0.471666, 0.102146
-10.816502, 36.287233, 14.588415, -0.821936, -0.488644, 0.095320
-11.474051, 35.896318, 14.664671, -0.816512, -0.505612, 0.088388
-12.127260, 35.491829, 14.735382, -0.810720, -0.522563, 0.081351
-12.775836, 35.073778, 14.800463, -0.804554, -0.539491, 0.074207
-13.419479, 34.642186, 14.859829, -0.798008, -0.556389, 0.066959
-14.057886, 34.197075, 14.913396, -0.791077, -0.573249, 0.059606
-14.690747, 33.738476, 14.961081, -0.783755, -0.590064, 0.052150
-15.317752, 33.266425, 15.002801, -0.776037, -0.606825, 0.044591
-15.938582, 32.780964, 15.038474, -0.767917, -0.623526, 0.036929
-16.552915, 32.282144, 15.068017, -0.759390, -0.640156, 0.029167
-17.160427, 31.770018, 15.091350, -0.750450, -0.656708, 0.021304
-17.760787, 31.244652, 15.108394, -0.741091, -0.673172, 0.013343
-18.353660, 30.706115, 15.119068, -0.731309, -0.689537, 0.005285
-18.938707, 30.154485, 15.123296, -0.721098, -0.705795, -0.002869
-19.515585, 29.589848, 15.121001, -0.710453, -0.721935, -0.011116
-20.083948, 29.012300, 15.112108, -0.699369, -0.737946, -0.019456
-20.643443, 28.421943, 15.096543, -0.687842, -0.753817, -0.027886
-21.193717, 27.818890, 15.074234, -0.675867, -0.769536, -0.036404
-21.734410, 27.203261, 15.045111, -0.663438, -0.785092, -0.045007
-22.265161, 26.575188, 15.009105, -0.650553, -0.800471, -0.053693
-22.785603, 25.934811, 14.966151, -0.637207, -0.815662, -0.062459
-23.295369, 25.282281, 14.916183, -0.623396, -0.830651, -0.071303
-23.794085, 24.617760, 14.859141, -0.609117, -0.845424, -0.080220
-24.281379, 23.941421, 14.794966, -0.594366, -0.859968, -0.089207
-24.756872, 23.253446, 14.723600, -0.579142, -0.874268, -0.098262
-25.220185, 22.554032, 14.644990, -0.563441, -0.888309, -0.107379
-25.670938, 21.843384, 14.559087, -0.547262, -0.902076, -0.116555
-26.108748, 21.121724, 14.465843, -0.530603, -0.915553, -0.125785
-26.533230, 20.389281, 14.365215, -0.513463, -0.928724, -0.135065
-26.944000, 19.646302, 14.257163, -0.495841, -0.941573, -0.144389
-27.340673, 18.893043, 14.141652, -0.477737, -0.954083, -0.153753
-27.722863, 18.129776, 14.018650, -0.459153, -0.966237, -0.163151
-28.090185, 17.356787, 13.888129, -0.440089, -0.978016, -0.172576
-28.442256, 16.574374, 13.750068, -0.420546, -0.989404, -0.182024
-28.778693, 15.782850, 13.604449, -0.400529, -1.000383, -0.191487
-29.099116, 14.982544, 13.451260, -0.380039, -1.010932, -0.200958
-29.403147, 14.173798, 13.290493, -0.359081, -1.021035, -0.210431
-29.690412, 13.356970, 13.122148, -0.337660, -1.030672, -0.219899
-29.960540, 12.532433, 12.946230, -0.315781, -1.039824, -0.229353
-30.213165, 11.700574, 12.762747, -0.293452, -1.048471, -0.238785
-30.447927, 10.861797, 12.571719, -0.270679, -1.056595, -0.248188
-30.664470, 10.016521, 12.373169, -0.247471, -1.064176, -0.257552
-30.862447, 9.165180, 12.167127, -0.223838, -1.071194, -0.266869
-31.041518, 8.308225, 11.953632, -0.199791, -1.077630, -0.276130
-31.201350, 7.446121, 11.732728, -0.175340, -1.083465, -0.285324
-31.341622, 6.579348, 11.504469, -0.150499, -1.088680, -0.294442
-31.462021, 5.708404, 11.268915, -0.125281, -1.093256, -0.303475
-31.562246, 4.833800, 11.026136, -0.099701, -1.097173, -0.312411
-31.642007, 3.956061, 10.776207, -0.073776, -1.100415, -0.321240
-31.701028, 3.075729, 10.519215, -0.047523, -1.102962, -0.329951
-31.739047, 2.193360, 10.255254, -0.020960, -1.104797, -0.338534
-31.755815, 1.309522, 9.984426, 0.005893, -1.105905, -0.346977
-31.751101, 0.424798, 9.706845, 0.033015, -1.106268, -0.355269
-31.724689, -0.460216, 9.422630, 0.060383, -1.105871, -0.363398
-31.676382, -1.344912, 9.131912, 0.087976, -1.104699, -0.371352
-31.606001, -2.228671, 8.834830, 0.115768, -1.102739, -0.379121
-31.513387, -3.110863, 8.531533, 0.143734, -1.099979, -0.386692
-31.398400, -3.990846, 8.222179, 0.171847, -1.096405, -0.394054
-31.260922, -4.867970, 7.906936, 0.200079, -1.092009, -0.401195
-31.100859, -5.741577, 7.585980, 0.228402, -1.086780, -0.408103
-30.918137, -6.611001, 7.259498, 0.256786, -1.080711, -0.414768
-30.712708, -7.475570, 6.927684, 0.285200, -1.073795, -0.421177
-30.484547, -8.334606, 6.590742, 0.313614, -1.066027, -0.427320
-30.233657, -9.187428, 6.248886, 0.341993, -1.057403, -0.433186
-29.960062, -10.033350, 5.902338, 0.370306, -1.047921, -0.438763
-29.663817, -10.871687, 5.551327, 0.398520, -1.037581, -0.444043
-29.345001, -11.701751, 5.196092, 0.426599, -1.026384, -0.449015
-29.003721, -12.522858, 4.836880, 0.454511, -1.014332, -0.453670
-28.640113, -13.334324, 4.473944, 0.482219, -1.001432, -0.457998
-28.254338, -14.135470, 4.107545, 0.509689, -0.987689, -0.461992
-27.846586, -14.925621, 3.737952, 0.536887, -0.973111, -0.465643
-27.417077, -15.704109, 3.365437, 0.563777, -0.957709, -0.468944
-26.966055, -16.470277, 2.990282, 0.590324, -0.941495, -0.471887
-26.493796, -17.223472, 2.612773, 0.616494, -0.924482, -0.474468
-26.000602, -17.963058, 2.233198, 0.642252, -0.906686, -0.476681
-25.486800, -18.688406, 1.851854, 0.667567, -0.888124, -0.478520
-24.952746, -19.398905, 1.469038, 0.692404, -0.868815, -0.479982
-24.398823, -20.093957, 1.085052, 0.716731, -0.848780, -0.481064
-23.825439, -20.772981, 0.700201, 0.740517, -0.828041, -0.481763
-23.233025, -21.435413, 0.314790, 0.763733, -0.806622, -0.482078
-22.622039, -22.080711, -0.070872, 0.786348, -0.784547, -0.482007
-21.992960, -22.708349, -0.456477, 0.808336, -0.761845, -0.481550
-21.346291, -23.317824, -0.841718, 0.829669, -0.738541, -0.480709
-20.682556, -23.908657, -1.226285, 0.850322, -0.714666, -0.479485
-20.002299, -24.480390, -1.609873, 0.870272, -0.690250, -0.477879
-19.306081, -25.032590, -1.992176, 0.889497, -0.665323, -0.475895
-18.594483, -25.564848, -2.372892, 0.907976, -0.639917, -0.473537
-17.868102, -26.076781, -2.751722, 0.925690, -0.614065, -0.470809
-17.127550, -26.568034, -3.128369, 0.942622, -0.587801, -0.467716
-16.373453, -27.038274, -3.502542, 0.958756, -0.561157, -0.464265
-15.606448, -27.487200, -3.873954, 0.974079, -0.534169, -0.460461
-14.827185, -27.914535, -4.242324, 0.988580, -0.506869, -0.456313
-14.036321, -28.320030, -4.607374, 1.002247, -0.479294, -0.451826
-13.234523, -28.703466, -4.968835, 1.015073, -0.451477, -0.447011
-12.422465, -29.064647, -5.326444, 1.027051, -0.423453, -0.441875
-11.600825, -29.403409, -5.679944, 1.038176, -0.395255, -0.436428
-10.770284, -29.719613, -6.029086, 1.048445, -0.366918, -0.430680
-9.931528, -30.013148, -6.373630, 1.057857, -0.338476, -0.424640
-9.085243, -30.283928, -6.713342, 1.066411, -0.309960, -0.418318
-8.232114, -30.531896, -7.047996, 1.074111, -0.281404, -0.411726
-7.372825, -30.757020, -7.377377, 1.080958, -0.252839, -0.404875
-6.508059, -30.959291, -7.701277, 1.086958, -0.224296, -0.397774
-5.638492, -31.138727, -8.019497, 1.092117, -0.195805, -0.390437
-4.764798, -31.295372, -8.331846, 1.096443, -0.167396, -0.382873
-3.887644, -31.429288, -8.638145, 1.099943, -0.139096, -0.375095
-3.007689, -31.540565, -8.938221, 1.102629, -0.110933, -0.367114
-2.125586, -31.629312, -9.231913, 1.104510, -0.082934, -0.358942
-1.241978, -31.695659, -9.519066, 1.105600, -0.055123, -0.350590
-0.357498, -31.739757, -9.799538, 1.105911, -0.027525, -0.342069
0.527231, -31.761777, -10.073193, 1.105457, -0.000163, -0.333391
1.411596, -31.761907, -10.339906, 1.104252, 0.026942, -0.324567
2.294998, -31.740354, -10.599560, 1.102313, 0.053768, -0.315609
3.176848, -31.697339, -10.852046, 1.099654, 0.080296, -0.306526
4.056571, -31.633102, -11.097268, 1.096293, 0.106508, -0.297331
4.933605, -31.547896, -11.335132, 1.092246, 0.132385, -0.288034
5.807402, -31.441988, -11.565559, 1.087531, 0.157911, -0.278644
6.677427, -31.315659, -11.788474, 1.082166, 0.183072, -0.269172
7.543159, -31.169201, -12.003812, 1.076169, 0.207853, -0.259629
8.404094, -31.002919, -12.211515, 1.069558, 0.232241, -0.250023
