Posicion                     Velocidad
-3.743403, 7.568504, 3.287166, -1.964872, -0.815357, -0.252217
-3.900593, 7.503275, 3.266989, -1.948312, -0.847212, -0.266087
-4.056458, 7.435499, 3.245702, -1.931117, -0.878730, -0.279845
-4.210947, 7.365200, 3.223314, -1.913297, -0.909899, -0.293486
-4.364011, 7.292408, 3.199835, -1.894860, -0.940708, -0.307005
-4.515600, 7.217152, 3.175275, -1.875815, -0.971147, -0.320397
-4.665665, 7.139460, 3.149643, -1.856172, -1.001205, -0.333657
-4.814159, 7.059363, 3.122950, -1.835941, -1.030871, -0.346781
-4.961034, 6.976894, 3.095208, -1.815131, -1.060137, -0.359764
-5.106244, 6.892083, 3.066427, -1.793753, -1.088991, -0.372602
-5.249745, 6.804963, 3.036619, -1.771818, -1.117425, -0.385290
-5.391490, 6.715569, 3.005795, -1.749335, -1.145429, -0.397825
-5.531437, 6.623935, 2.973970, -1.726316, -1.172995, -0.410201
-5.669542, 6.530096, 2.941153, -1.702772, -1.200113, -0.422415
-5.805764, 6.434087, 2.907360, -1.678713, -1.226776, -0.434463
-5.940061, 6.335945, 2.872603, -1.654150, -1.252975, -0.446341
-6.072393, 6.235707, 2.836896, -1.629097, -1.278702, -0.458046
-6.202721, 6.133410, 2.800252, -1.603563, -1.303951, -0.469573
-6.331006, 6.029094, 2.762686, -1.577560, -1.328714, -0.480920
-6.457210, 5.922797, 2.724213, -1.551101, -1.352983, -0.492083
-6.581298, 5.814559, 2.684846, -1.524196, -1.376753, -0.503058
-6.703234, 5.704418, 2.644602, -1.496859, -1.400017, -0.513844
-6.822983, 5.592417, 2.603494, -1.469101, -1.422768, -0.524436
-6.940511, 5.478596, 2.561539, -1.440934, -1.445002, -0.534831
-7.055786, 5.362995, 2.518753, -1.412371, -1.466713, -0.545027
-7.168775, 5.245658, 2.475150, -1.383424, -1.487895, -0.555022
-7.279449, 5.126627, 2.430749, -1.354104, -1.508543, -0.564812
-7.387778, 5.005943, 2.385564, -1.324426, -1.528653, -0.574396
-7.493732, 4.883651, 2.339612, -1.294400, -1.548221, -0.583770
-7.597284, 4.759793, 2.292910, -1.264039, -1.567243, -0.592933
-7.698407, 4.634414, 2.245476, -1.233356, -1.585714, -0.601883
-7.797075, 4.507557, 2.197325, -1.202363, -1.603631, -0.610617
-7.893264, 4.379266, 2.148476, -1.171073, -1.620991, -0.619134
-7.986950, 4.249587, 2.098945, -1.139498, -1.637791, -0.627432
-8.078110, 4.118564, 2.048750, -1.107650, -1.654028, -0.635509
-8.166722, 3.986241, 1.997910, -1.075543, -1.669700, -0.643364
-8.252765, 3.852665, 1.946441, -1.043187, -1.684805, -0.650995
-8.336220, 3.717881, 1.894361, -1.010597, -1.699340, -0.658401
-8.417068, 3.581934, 1.841689, -0.977783, -1.713304, -0.665581
-8.495291, 3.444870, 1.788442, -0.944759, -1.726695, -0.672533
-8.570872, 3.306734, 1.734640, -0.911536, -1.739513, -0.679257
-8.643794, 3.167573, 1.680299, -0.878128, -1.751756, -0.685751
-8.714045, 3.027432, 1.625439, -0.844544, -1.763423, -0.692016
-8.781608, 2.886359, 1.570078, -0.810799, -1.774515, -0.698049
-8.846472, 2.744397, 1.514234, -0.776904, -1.785030, -0.703851
-8.908624, 2.601595, 1.457926, -0.742870, -1.794969, -0.709421
-8.968054, 2.457997, 1.401172, -0.708710, -1.804332, -0.714758
-9.024751, 2.313651, 1.343992, -0.674435, -1.813119, -0.719862
-9.078706, 2.168601, 1.286403, -0.640057, -1.821331, -0.724733
-9.129910, 2.022895, 1.228424, -0.605587, -1.828968, -0.729371
-9.178357, 1.876578, 1.170074, -0.571037, -1.836032, -0.733776
-9.224040, 1.729695, 1.111372, -0.536418, -1.842524, -0.737947
-9.266953, 1.582293, 1.052337, -0.501741, -1.848445, -0.741885
-9.307093, 1.434417, 0.992986, -0.467018, -1.853796, -0.745589
-9.344454, 1.286114, 0.933339, -0.432259, -1.858580, -0.749061
-9.379035, 1.137427, 0.873414, -0.397475, -1.862798, -0.752300
-9.410833, 0.988404, 0.813230, -0.362678, -1.866453, -0.755307
-9.439847, 0.839087, 0.752805, -0.327877, -1.869547, -0.758083
-9.466077, 0.689524, 0.692159, -0.293083, -1.872081, -0.760627
-9.489524, 0.539757, 0.631308, -0.258307, -1.874059, -0.762940
-9.510188, 0.389832, 0.570273, -0.223559, -1.875483, -0.765024
-9.528073, 0.239794, 0.509071, -0.188848, -1.876357, -0.766878
-9.543181, 0.089685, 0.447721, -0.154186, -1.876683, -0.768505
-9.555516, -0.060450, 0.386241, -0.119581, -1.876464, -0.769903
-9.565082, -0.210567, 0.324648, -0.085044, -1.875703, -0.771076
-9.571886, -0.360623, 0.262962, -0.050584, -1.874405, -0.772022
-9.575933, -0.510575, 0.201201, -0.016211, -1.872572, -0.772745
-9.577230, -0.660381, 0.139381, 0.018067, -1.870209, -0.773243
-9.575784, -0.809998, 0.077521, 0.052239, -1.867318, -0.773520
-9.571605, -0.959383, 0.015640, 0.086298, -1.863905, -0.773576
-9.564701, -1.108496, -0.046246, 0.120233, -1.859972, -0.773412
-9.555083, -1.257293, -0.108119, 0.154037, -1.855524, -0.773029
-9.542760, -1.405735, -0.169961, 0.187700, -1.850565, -0.772430
-9.527744, -1.553780, -0.231756, 0.221214, -1.845099, -0.771614
-9.510046, -1.701388, -0.293485, 0.254572, -1.839132, -0.770585
-9.489681, -1.848519, -0.355132, 0.287763, -1.832666, -0.769343
-9.466660, -1.995132, -0.416679, 0.320781, -1.825707, -0.767889
-9.440997, -2.141189, -0.478110, 0.353618, -1.818260, -0.766227
-9.412708, -2.286650, -0.539408, 0.386265, -1.810329, -0.764356
-9.381806, -2.431476, -0.600557, 0.418716, -1.801919, -0.762278
-9.348309, -2.575629, -0.661539, 0.450962, -1.793034, -0.759996
-9.312232, -2.719072, -0.722339, 0.482996, -1.783681, -0.757512
-9.273592, -2.861767, -0.782940, 0.514812, -1.773863, -0.754826
-9.232408, -3.003676, -0.843326, 0.546401, -1.763586, -0.751940
-9.188696, -3.144762, -0.903481, 0.577757, -1.752854, -0.748857
-9.142475, -3.284991, -0.963390, 0.608873, -1.741674, -0.745578
-9.093765, -3.424325, -1.023036, 0.639742, -1.730050, -0.742105
-9.042586, -3.562729, -1.082404, 0.670358, -1.717987, -0.738441
-8.988957, -3.700168, -1.141480, 0.700714, -1.705492, -0.734586
-8.932900, -3.836607, -1.200246, 0.730804, -1.692568, -0.730543
-8.874436, -3.972013, -1.258690, 0.760622, -1.679222, -0.726314
-8.813586, -4.106350, -1.316795, 0.790161, -1.665460, -0.721900
-8.750373, -4.239587, -1.374547, 0.819417, -1.651285, -0.717305
-8.684820, -4.371690, -1.431931, 0.848382, -1.636705, -0.712529
-8.616949, -4.502626, -1.488934, 0.877051, -1.621725, -0.707575
-8.546785, -4.632364, -1.545540, 0.905419, -1.606349, -0.702445
-8.474352, -4.760872, -1.601735, 0.933480, -1.590584, -0.697142
-8.399673, -4.888119, -1.657507, 0.961229, -1.574436, -0.691666
-8.322775, -5.014074, -1.712840, 0.988660, -1.557910, -0.686020
-8.243682, -5.138707, -1.767722, 1.015769, -1.541012, -0.680207
-8.162421, -5.261988, -1.822138, 1.042551, -1.523747, -0.674229
-8.079017, -5.383887, -1.876076, 1.068999, -1.506121, -0.668087
-7.993497, -5.504377, -1.929523, 1.095111, -1.488141, -0.661784
-7.905888, -5.623428, -1.982466, 1.120881, -1.469811, -0.655322
-7.816217, -5.741013, -2.034892, 1.146304, -1.451137, -0.648703
-7.724513, -5.857104, -2.086788, 1.171377, -1.432126, -0.641930
-7.630803, -5.971674, -2.138143, 1.196094, -1.412783, -0.635004
-7.535115, -6.084697, -2.188943, 1.220452, -1.393113, -0.627928
-7.437479, -6.196146, -2.239177, 1.244446, -1.373124, -0.620704
-7.337923, -6.305996, -2.288833, 1.268073, -1.352820, -0.613335
-7.236477, -6.414221, -2.337900, 1.291328, -1.332207, -0.605822
-7.133171, -6.520798, -2.386366, 1.314207, -1.311292, -0.598168
-7.028035, -6.625701, -2.434219, 1.336708, -1.290080, -0.590374
-6.921098, -6.728908, -2.481449, 1.358825, -1.268577, -0.582444
-6.812392, -6.830394, -2.528045, 1.380556, -1.246788, -0.574380
-6.701947, -6.930137, -2.573995, 1.401897, -1.224720, -0.566184
-6.589796, -7.028114, -2.619290, 1.422845, -1.202379, -0.557857
-6.475968, -7.124305, -2.663919, 1.443396, -1.179770, -0.549404
-6.360496, -7.218686, -2.707871, 1.463548, -1.156900, -0.540824
-6.243413, -7.311238, -2.751137, 1.483297, -1.133774, -0.532122
-6.124749, -7.401940, -2.793707, 1.502639, -1.110397, -0.523299
-6.004538, -7.490772, -2.835571, 1.521573, -1.086777, -0.514358
-5.882812, -7.577714, -2.876719, 1.540095, -1.062918, -0.505301
-5.759604, -7.662748, -2.917143, 1.558203, -1.038828, -0.496130
-5.634948, -7.745854, -2.956834, 1.575893, -1.014510, -0.486847
-5.508877, -7.827015, -2.995781, 1.593164, -0.989972, -0.477455
-5.381423, -7.906213, -3.033978, 1.610012, -0.965220, -0.467956
-5.252623, -7.983430, -3.071414, 1.626435, -0.940258, -0.458353
-5.122508, -8.058651, -3.108083, 1.642431, -0.915094, -0.448648
-4.991113, -8.131858, -3.143974, 1.657997, -0.889732, -0.438842
-4.858474, -8.203037, -3.179082, 1.673131, -0.864179, -0.428939
-4.724623, -8.272171, -3.213397, 1.687832, -0.838441, -0.418941
-4.589596, -8.339247, -3.246912, 1.702096, -0.812523, -0.408850
-4.453429, -8.404248, -3.279620, 1.715922, -0.786432, -0.398668
-4.316155, -8.467163, -3.311514, 1.729308, -0.760172, -0.388398
-4.177810, -8.527977, -3.342585, 1.742251, -0.733751, -0.378042
-4.038430, -8.586677, -3.372829, 1.754751, -0.707173, -0.367602
-3.898050, -8.643251, -3.402237, 1.766805, -0.680445, -0.357081
-3.756706, -8.697686, -3.430803, 1.778412, -0.653572, -0.346481
-3.614433, -8.749972, -3.458522, 1.789570, -0.626561, -0.335805
-3.471267, -8.800097, -3.485386, 1.800277, -0.599417, -0.325054
-3.327245, -8.848050, -3.511391, 1.810533, -0.572146, -0.314231
-3.182402, -8.893822, -3.536529, 1.820334, -0.544753, -0.303339
-3.036776, -8.937402, -3.560796, 1.829681, -0.517245, -0.292379
-2.890401, -8.978782, -3.584187, 1.838571, -0.489628, -0.281355
-2.743315, -9.017952, -3.606695, 1.847004, -0.461907, -0.270268
-2.595555, -9.054904, -3.628316, 1.854979, -0.434087, -0.259121
-2.447157, -9.089631, -3.649046, 1.862493, -0.406176, -0.247916
-2.298157, -9.122126, -3.668879, 1.869546, -0.378178, -0.236655
-2.148594, -9.152380, -3.687812, 1.876138, -0.350100, -0.225341
-1.998503, -9.180388, -3.705839, 1.882267, -0.321947, -0.213977
-1.847921, -9.206144, -3.722957, 1.887932, -0.293726, -0.202564
-1.696887, -9.229642, -3.739162, 1.893132, -0.265441, -0.191105
-1.545436, -9.250877, -3.754451, 1.897867, -0.237099, -0.179603
-1.393607, -9.269845, -3.768819, 1.902135, -0.208705, -0.168059
-1.241436, -9.286541, -3.782264, 1.905937, -0.180266, -0.156476
-1.088961, -9.300963, -3.794782, 1.909271, -0.151787, -0.144857
-0.936219, -9.313106, -3.806370, 1.912138, -0.123274, -0.133203
-0.783248, -9.322967, -3.817026, 1.914535, -0.094733, -0.121518
-0.630086, -9.330546, -3.826748, 1.916464, -0.066169, -0.109803
-0.476768, -9.335840, -3.835532, 1.917924, -0.037589, -0.098061
-0.323335, -9.338847, -3.843377, 1.918914, -0.008998, -0.086294
-0.169821, -9.339567, -3.850281, 1.919434, 0.019597, -0.074506
-0.016267, -9.337999, -3.856241, 1.919484, 0.048192, -0.062697
0.137292, -9.334143, -3.861257, 1.919063, 0.076780, -0.050871
0.290817, -9.328001, -3.865326, 1.918172, 0.105355, -0.039030
0.444271, -9.319573, -3.868449, 1.916811, 0.133912, -0.027177
0.597616, -9.308860, -3.870623, 1.914979, 0.162445, -0.015313
0.750814, -9.295864, -3.871848, 1.912677, 0.190947, -0.003441
0.903828, -9.280588, -3.872123, 1.909905, 0.219413, 0.008436
1.056620, -9.263035, -3.871448, 1.906662, 0.247837, 0.020315
1.209153, -9.243208, -3.869823, 1.902950, 0.276214, 0.032196
1.361389, -9.221111, -3.867248, 1.898769, 0.304536, 0.044074
1.513291, -9.196748, -3.863722, 1.894118, 0.332800, 0.055948
1.664820, -9.170124, -3.859246, 1.888999, 0.360997, 0.067815
1.815940, -9.141245, -3.853821, 1.883412, 0.389123, 0.079672
1.966613, -9.110115, -3.847447, 1.877357, 0.417172, 0.091518
2.116802, -9.076741, -3.840125, 1.870835, 0.445138, 0.103350
2.266469, -9.041130, -3.831857, 1.863847, 0.473014, 0.115164
2.415576, -9.003289, -3.822644, 1.856393, 0.500796, 0.126960
2.564088, -8.963225, -3.812487, 1.848474, 0.528476, 0.138734
2.711966, -8.920947, -3.801389, 1.840092, 0.556049, 0.150483
2.859173, -8.876463, -3.789350, 1.831247, 0.583510, 0.162206
3.005673, -8.829782, -3.776374, 1.821940, 0.610851, 0.173900
3.151428, -8.780914, -3.762462, 1.812172, 0.638068, 0.185561
3.296402, -8.729869, -3.747617, 1.801944, 0.665153, 0.197189
3.440557, -8.676656, -3.731842, 1.791259, 0.692102, 0.208779
3.583858, -8.621288, -3.715139, 1.780115, 0.718908, 0.220331
3.726267, -8.563776, -3.697513, 1.768517, 0.745564, 0.231840
3.867749, -8.504131, -3.678966, 1.756463, 0.772066, 0.243305
4.008266, -8.442365, -3.659501, 1.743957, 0.798407, 0.254723
4.147782, -8.378493, -3.639123, 1.731000, 0.824581, 0.266091
4.286262, -8.312526, -3.617836, 1.717593, 0.850581, 0.277408
4.423670, -8.244480, -3.595643, 1.703738, 0.876403, 0.288669
4.559969, -8.174367, -3.572550, 1.689437, 0.902039, 0.299873
4.695124, -8.102204, -3.548560, 1.674692, 0.927484, 0.311018
4.829099, -8.028006, -3.523679, 1.659505, 0.952732, 0.322099
4.961859, -7.951787, -3.497911, 1.643877, 0.977776, 0.333116
5.093370, -7.873565, -3.471261, 1.627812, 1.002611, 0.344065
5.223595, -7.793356, -3.443736, 1.611311, 1.027230, 0.354944
5.352499, -7.711178, -3.415341, 1.594376, 1.051627, 0.365749
5.480049, -7.627047, -3.386081, 1.577010, 1.075797, 0.376480
5.606210, -7.540984, -3.355962, 1.559216, 1.099732, 0.387132
5.730947, -7.453005, -3.324992, 1.540995, 1.123428, 0.397703
5.854227, -7.363131, -3.293176, 1.522352, 1.146877, 0.408191
5.976015, -7.271381, -3.260520, 1.503287, 1.170074, 0.418592
6.096278, -7.177775, -3.227033, 1.483805, 1.193012, 0.428905
6.214983, -7.082334, -3.192721, 1.463908, 1.215686, 0.439126
6.332095, -6.985079, -3.157591, 1.443599, 1.238089, 0.449253
6.447583, -6.886032, -3.121650, 1.422882, 1.260215, 0.459284
6.561414, -6.785215, -3.084908, 1.401759, 1.282058, 0.469215
6.673554, -6.682650, -3.047370, 1.380234, 1.303612, 0.479044
6.783973, -6.578361, -3.009047, 1.358311, 1.324871, 0.488768
6.892638, -6.472371, -2.969945, 1.335992, 1.345829, 0.498385
6.999517, -6.364705, -2.930075, 1.313283, 1.366479, 0.507891
7.104580, -6.255387, -2.889443, 1.290185, 1.386816, 0.517285
7.207795, -6.144441, -2.848061, 1.266704, 1.406833, 0.526563
7.309131, -6.031895, -2.805935, 1.242843, 1.426524, 0.535724
7.408559, -5.917773, -2.763078, 1.218606, 1.445884, 0.544763
7.506047, -5.802102, -2.719497, 1.193998, 1.464906, 0.553678
7.601567, -5.684910, -2.675202, 1.169023, 1.483584, 0.562468
7.695089, -5.566223, -2.630205, 1.143685, 1.501912, 0.571128
7.786584, -5.446070, -2.584515, 1.117989, 1.519884, 0.579657
7.876023, -5.324479, -2.538142, 1.091940, 1.537494, 0.588052
7.963378, -5.201480, -2.491098, 1.065542, 1.554737, 0.596310
8.048621, -5.077101, -2.443393, 1.038800, 1.571606, 0.604428
8.131725, -4.951372, -2.395039, 1.011719, 1.588095, 0.612404
8.212663, -4.824325, -2.346046, 0.984305, 1.604199, 0.620235
8.291407, -4.695989, -2.296428, 0.956563, 1.619911, 0.627919
8.367932, -4.566396, -2.246194, 0.928498, 1.635226, 0.635452
8.442212, -4.435578, -2.195358, 0.900116, 1.650138, 0.642833
8.514222, -4.303567, -2.143931, 0.871423, 1.664641, 0.650058
8.583935, -4.170396, -2.091926, 0.842423, 1.678730, 0.657126
8.651329, -4.036097, -2.039356, 0.813124, 1.692399, 0.664032
8.716379, -3.900705, -1.986234, 0.783532, 1.705642, 0.670776
8.779062, -3.764254, -1.932572, 0.753652, 1.718454, 0.677353
8.839354, -3.626778, -1.878384, 0.723491, 1.730829, 0.683762
8.897233, -3.488311, -1.823683, 0.693055, 1.742762, 0.690001
8.952678, -3.348890, -1.768483, 0.662351, 1.754247, 0.696066
9.005666, -3.208551, -1.712797, 0.631387, 1.765279, 0.701955
9.056177, -3.067328, -1.656641, 0.600168, 1.775853, 0.707666
9.104190, -2.925260, -1.600028, 0.568702, 1.785963, 0.713196
9.149686, -2.782383, -1.542972, 0.536996, 1.795605, 0.718543
9.192646, -2.638735, -1.485488, 0.505058, 1.804773, 0.723704
9.233051, -2.494353, -1.427592, 0.472894, 1.813462, 0.728677
9.270882, -2.349276, -1.369298, 0.440513, 1.821667, 0.733460
9.306123, -2.203542, -1.310621, 0.407922, 1.829384, 0.738049
9.338757, -2.057192, -1.251577, 0.375130, 1.836608, 0.742444
9.368767, -1.910263, -1.192182, 0.342144, 1.843334, 0.746642
9.396139, -1.762796, -1.132450, 0.308972, 1.849557, 0.750640
9.420857, -1.614832, -1.072399, 0.275623, 1.855274, 0.754436
9.442906, -1.466410, -1.012044, 0.242106, 1.860479, 0.758028
9.462275, -1.317571, -0.951402, 0.208429, 1.865168, 0.761414
9.478949, -1.168358, -0.890489, 0.174600, 1.869338, 0.764592
9.492917, -1.018811, -0.829322, 0.140629, 1.872983, 0.767560
9.504168, -0.868972, -0.767917, 0.106525, 1.876102, 0.770316
9.512690, -0.718884, -0.706291, 0.072297, 1.878688, 0.772857
9.518473, -0.568589, -0.644463, 0.037954, 1.880740, 0.775182
9.521510, -0.418130, -0.582448, 0.003506, 1.882252, 0.777289
9.521790, -0.267550, -0.520265, -0.031038, 1.883223, 0.779177
9.519307, -0.116892, -0.457931, -0.065667, 1.883648, 0.780843
9.514054, 0.033800, -0.395464, -0.100372, 1.883525, 0.782285
9.506024, 0.184482, -0.332881, -0.135144, 1.882850, 0.783503
9.495212, 0.335110, -0.270201, -0.169970, 1.881621, 0.784494
9.481615, 0.485640, -0.207441, -0.204843, 1.879835, 0.785257
9.465227, 0.636026, -0.144620, -0.239750, 1.877489, 0.785790
9.446047, 0.786226, -0.081757, -0.274682, 1.874582, 0.786093
9.424073, 0.936192, -0.018870, -0.309627, 1.871110, 0.786163
9.399303, 1.085881, 0.044023, -0.344576, 1.867073, 0.785999
9.371737, 1.235247, 0.106903, -0.379517, 1.862467, 0.785600
9.341375, 1.384244, 0.169751, -0.414438, 1.857293, 0.784966
9.308220, 1.532828, 0.232548, -0.449330, 1.851547, 0.784094
9.272274, 1.680951, 0.295276, -0.484181, 1.845229, 0.782984
9.233539, 1.828570, 0.357915, -0.518979, 1.838338, 0.781635
9.192021, 1.975637, 0.420445, -0.553713, 1.830872, 0.780047
9.147724, 2.122106, 0.482849, -0.588371, 1.822832, 0.778217
9.100654, 2.267933, 0.545107, -0.622943, 1.814217, 0.776146
9.050819, 2.413070, 0.607198, -0.657415, 1.805026, 0.773834
8.998226, 2.557472, 0.669105, -0.691777, 1.795260, 0.771279
8.942883, 2.701093, 0.730807, -0.726016, 1.784918, 0.768481
8.884802, 2.843887, 0.792286, -0.760121, 1.774001, 0.765439
8.823992, 2.985807, 0.853521, -0.794080, 1.762511, 0.762155
8.760466, 3.126808, 0.914493, -0.827880, 1.750447, 0.758626
8.694236, 3.266843, 0.975183, -0.861509, 1.737811, 0.754854
8.625315, 3.405868, 1.035572, -0.894956, 1.724604, 0.750839
8.553718, 3.543836, 1.095639, -0.928208, 1.710827, 0.746579
8.479462, 3.680703, 1.155365, -0.961252, 1.696484, 0.742077
8.402562, 3.816421, 1.214731, -0.994077, 1.681575, 0.737332
8.323035, 3.950947, 1.273718, -1.026670, 1.666103, 0.732344
8.240902, 4.084235, 1.332305, -1.059019, 1.650070, 0.727114
8.156180, 4.216241, 1.390474, -1.091112, 1.633480, 0.721643
8.068891, 4.346920, 1.448206, -1.122936, 1.616336, 0.715931
7.979056, 4.476226, 1.505480, -1.154478, 1.598641, 0.709980
7.886698, 4.604118, 1.562279, -1.185727, 1.580398, 0.703789
7.791840, 4.730550, 1.618582, -1.216670, 1.561612, 0.697362
7.694506, 4.855479, 1.674371, -1.247295, 1.542287, 0.690697
7.594723, 4.978861, 1.729627, -1.277590, 1.522426, 0.683798
7.492516, 5.100656, 1.784330, -1.307542, 1.502036, 0.676665
7.387912, 5.220818, 1.838464, -1.337140, 1.481120, 0.669300
7.280941, 5.339308, 1.892008, -1.366371, 1.459685, 0.661704
7.171631, 5.456083, 1.944944, -1.395223, 1.437734, 0.653879
7.060013, 5.571102, 1.997254, -1.423684, 1.415276, 0.645828
6.946119, 5.684324, 2.048921, -1.451742, 1.392314, 0.637551
6.829979, 5.795709, 2.099925, -1.479385, 1.368857, 0.629052
6.711629, 5.905217, 2.150249, -1.506603, 1.344909, 0.620332
6.591100, 6.012810, 2.199875, -1.533383, 1.320479, 0.611394
6.468430, 6.118448, 2.248787, -1.559713, 1.295574, 0.602240
6.343653, 6.222094, 2.296966, -1.585583, 1.270200, 0.592873
6.216806, 6.323710, 2.344396, -1.610981, 1.244365, 0.583295
6.087928, 6.423259, 2.391060, -1.635896, 1.218078, 0.573510
5.957056, 6.520706, 2.436940, -1.660317, 1.191346, 0.563520
5.824231, 6.616013, 2.482022, -1.684233, 1.164178, 0.553327
5.689492, 6.709148, 2.526288, -1.707635, 1.136583, 0.542937
5.552881, 6.800074, 2.569723, -1.730510, 1.108569, 0.532350
5.414440, 6.888760, 2.612311, -1.752850, 1.080146, 0.521572
5.274212, 6.975171, 2.654037, -1.774644, 1.051324, 0.510605
5.132241, 7.059277, 2.694885, -1.795882, 1.022111, 0.499453
4.988570, 7.141046, 2.734842, -1.816555, 0.992519, 0.488120
4.843246, 7.220448, 2.773891, -1.836653, 0.962556, 0.476609
4.696314, 7.297452, 2.812020, -1.856167, 0.932234, 0.464925
4.547820, 7.372031, 2.849214, -1.875088, 0.901563, 0.453071
4.397813, 7.444156, 2.885460, -1.893407, 0.870554, 0.441051
4.246341, 7.513800, 2.920744, -1.911117, 0.839217, 0.428870
4.093451, 7.580938, 2.955053, -1.928208, 0.807565, 0.416532
3.939195, 7.645543, 2.988376, -1.944673, 0.775608, 0.404041
3.783621, 7.707592, 3.020699, -1.960504, 0.743359, 0.391403
3.626781, 7.767060, 3.052011, -1.975694, 0.710829, 0.378620
3.468725, 7.823927, 3.082301, -1.990235, 0.678030, 0.365698
3.309506, 7.878169, 3.111557, -2.004121, 0.644974, 0.352643
3.149177, 7.929767, 3.139768, -2.017346, 0.611673, 0.339457
2.987789, 7.978701, 3.166925, -2.029903, 0.578141, 0.326148
2.825397, 8.024952, 3.193017, -2.041786, 0.544389, 0.312718
2.662054, 8.068503, 3.218034, -2.052990, 0.510431, 0.299174
2.497815, 8.109337, 3.241968, -2.063510, 0.476279, 0.285521
2.332734, 8.147440, 3.264810, -2.073339, 0.441946, 0.271764
2.166867, 8.182795, 3.286551, -2.082475, 0.407446, 0.257907
2.000269, 8.215391, 3.307183, -2.090913, 0.372792, 0.243957
1.832996, 8.245215, 3.326700, -2.098648, 0.337998, 0.229918
1.665104, 8.272254, 3.345093, -2.105677, 0.303075, 0.215796
1.496650, 8.296500, 3.362357, -2.111998, 0.268039, 0.201597
1.327690, 8.317944, 3.378485, -2.117606, 0.232903, 0.187326
1.158281, 8.336576, 3.393471, -2.122500, 0.197681, 0.172988
0.988481, 8.352390, 3.407310, -2.126677, 0.162385, 0.158590
0.818347, 8.365381, 3.419997, -2.130136, 0.127031, 0.144136
0.647936, 8.375544, 3.431528, -2.132874, 0.091631, 0.129632
0.477306, 8.382874, 3.441899, -2.134892, 0.056199, 0.115085
0.306515, 8.387370, 3.451105, -2.136187, 0.020750, 0.100499
0.135620, 8.389030, 3.459145, -2.136760, -0.014702, 0.085880
-0.035321, 8.387854, 3.466016, -2.136611, -0.050145, 0.071234
-0.206250, 8.383842, 3.471714, -2.135740, -0.085564, 0.056568
-0.377109, 8.376997, 3.476240, -2.134147, -0.120945, 0.041885
-0.547841, 8.367321, 3.479591, -2.131834, -0.156275, 0.027193
-0.718387, 8.354819, 3.481766, -2.128801, -0.191540, 0.012497
-0.888691, 8.339496, 3.482766, -2.125052, -0.226725, -0.002197
-1.058695, 8.321358, 3.482590, -2.120587, -0.261819, -0.016884
-1.228342, 8.300413, 3.481239, -2.115409, -0.296806, -0.031558
-1.397575, 8.276668, 3.478715, -2.109522, -0.331675, -0.046214
-1.566337, 8.250134, 3.475018, -2.102927, -0.366410, -0.060844
-1.734571, 8.220821, 3.470150, -2.095629, -0.401000, -0.075445
-1.902221, 8.188741, 3.464114, -2.087631, -0.435430, -0.090010
-2.069232, 8.153907, 3.456914, -2.078937, -0.469688, -0.104534
-2.235547, 8.116332, 3.448551, -2.069552, -0.503761, -0.119012
-2.401111, 8.076031, 3.439030, -2.059480, -0.537635, -0.133437
-2.565869, 8.033020, 3.428355, -2.048728, -0.571300, -0.147804
-2.729768, 7.987316, 3.416531, -2.037299, -0.604741, -0.162108
-2.892751, 7.938937, 3.403562, -2.025199, -0.637946, -0.176344
-3.054767, 7.887901, 3.389455, -2.012436, -0.670904, -0.190506
-3.215762, 7.834229, 3.374214, -1.999014, -0.703602, -0.204589
-3.375683, 7.777941, 3.357847, -1.984941, -0.736029, -0.218588
-3.534479, 7.719059, 3.340360, -1.970223, -0.768172, -0.232498
-3.692096, 7.657605, 3.321760, -1.954867, -0.800021, -0.246313
-3.848486, 7.593603, 3.302055, -1.938881, -0.831563, -0.260029
-4.003596, 7.527078, 3.281253, -1.922273, -0.862788, -0.273641
-4.157378, 7.458055, 3.259361, -1.905049, -0.893685, -0.287144
-4.309782, 7.386560, 3.236390, -1.887220, -0.924244, -0.300533
-4.460760, 7.312621, 3.212347, -1.868792, -0.954453, -0.313804
-4.610263, 7.236265, 3.187243, -1.849775, -0.984302, -0.326951
-4.758245, 7.157520, 3.161087, -1.830177, -1.013782, -0.339971
-4.904659, 7.076418, 3.133889, -1.810007, -1.042883, -0.352858
-5.049460, 6.992987, 3.105661, -1.789275, -1.071595, -0.365610
-5.192602, 6.907260, 3.076412, -1.767990, -1.099908, -0.378220
-5.334041, 6.819267, 3.046154, -1.746161, -1.127815, -0.390686
-5.473734, 6.729042, 3.014899, -1.723800, -1.155305, -0.403003
-5.611638, 6.636617, 2.982659, -1.700914, -1.182370, -0.415166
-5.747711, 6.542028, 2.949446, -1.677516, -1.209002, -0.427173
-5.881912, 6.445308, 2.915272, -1.653614, -1.235193, -0.439020
-6.014201, 6.346492, 2.880150, -1.629221, -1.260935, -0.450702
-6.144539, 6.245617, 2.844094, -1.604345, -1.286220, -0.462216
-6.272887, 6.142720, 2.807117, -1.578998, -1.311041, -0.473559
-6.399206, 6.037837, 2.769232, -1.553191, -1.335390, -0.484727
-6.523462, 5.931005, 2.730454, -1.526935, -1.359262, -0.495716
-6.645616, 5.822264, 2.690797, -1.500240, -1.382649, -0.506525
-6.765636, 5.711652, 2.650275, -1.473119, -1.405545, -0.517149
-6.883485, 5.599209, 2.608903, -1.445582, -1.427944, -0.527586
-6.999132, 5.484973, 2.566696, -1.417641, -1.449841, -0.537832
-7.112543, 5.368986, 2.523670, -1.389308, -1.471229, -0.547885
-7.223688, 5.251288, 2.479839, -1.360593, -1.492103, -0.557743
-7.332535, 5.131919, 2.435219, -1.331509, -1.512459, -0.567402
-7.439056, 5.010923, 2.389827, -1.302066, -1.532291, -0.576861
-7.543221, 4.888339, 2.343678, -1.272278, -1.551595, -0.586116
-7.645003, 4.764212, 2.296789, -1.242155, -1.570367, -0.595166
-7.744376, 4.638582, 2.249176, -1.211710, -1.588603, -0.604008
-7.841312, 4.511494, 2.200855, -1.180954, -1.606298, -0.612640
-7.935789, 4.382990, 2.151844, -1.149898, -1.623450, -0.621061
-8.027781, 4.253114, 2.102159, -1.118556, -1.640055, -0.629268
-8.117265, 4.121910, 2.051818, -1.086938, -1.656111, -0.637260
-8.204220, 3.989421, 2.000837, -1.055057, -1.671613, -0.645036
-8.288625, 3.855692, 1.949234, -1.022924, -1.686561, -0.652592
-8.370459, 3.720767, 1.897027, -0.990552, -1.700951, -0.659929
-8.449703, 3.584691, 1.844232, -0.957951, -1.714781, -0.667044
-8.526339, 3.447509, 1.790869, -0.925135, -1.728050, -0.673937
-8.600350, 3.309265, 1.736954, -0.892114, -1.740756, -0.680606
-8.671719, 3.170004, 1.682505, -0.858900, -1.752898, -0.687050
-8.740431, 3.029772, 1.627541, -0.825505, -1.764474, -0.693269
-8.806471, 2.888614, 1.572080, -0.791941, -1.775483, -0.699260
-8.869826, 2.746576, 1.516139, -0.758219, -1.785925, -0.705025
-8.930484, 2.603702, 1.459737, -0.724351, -1.795799, -0.710560
-8.988432, 2.460038, 1.402892, -0.690348, -1.805106, -0.715868
-9.043660, 2.315629, 1.345623, -0.656222, -1.813844, -0.720945
-9.096158, 2.170522, 1.287947, -0.621984, -1.822013, -0.725793
-9.145916, 2.024761, 1.229884, -0.587645, -1.829616, -0.730411
-9.192928, 1.878392, 1.171451, -0.553216, -1.836650, -0.734798
-9.237185, 1.731460, 1.112667, -0.518709, -1.843118, -0.738955
-9.278682, 1.584010, 1.053550, -0.484135, -1.849021, -0.742880
-9.317413, 1.436088, 0.994120, -0.449504, -1.854358, -0.746575
-9.353373, 1.287740, 0.934394, -0.414828, -1.859133, -0.750039
-9.386559, 1.139009, 0.874391, -0.380117, -1.863345, -0.753273
-9.416969, 0.989942, 0.814129, -0.345381, -1.866996, -0.756276
-9.444599, 0.840582, 0.753627, -0.310632, -1.870089, -0.759049
-9.469450, 0.690975, 0.692903, -0.275880, -1.872625, -0.761592
-9.491520, 0.541165, 0.631976, -0.241135, -1.874606, -0.763905
-9.510811, 0.391196, 0.570863, -0.206408, -1.876034, -0.765989
-9.527324, 0.241114, 0.509584, -0.171708, -1.876912, -0.767845
-9.541060, 0.090961, 0.448157, -0.137046, -1.877243, -0.769473
-9.552024, -0.059219, 0.386599, -0.102431, -1.877028, -0.770874
-9.560219, -0.209381, 0.324929, -0.067874, -1.876271, -0.772049
-9.565648, -0.359483, 0.263165, -0.033383, -1.874975, -0.772998
-9.568319, -0.509481, 0.201325, 0.001030, -1.873143, -0.773722
-9.568237, -0.659332, 0.139427, 0.035358, -1.870777, -0.774222
-9.565408, -0.808994, 0.077489, 0.069590, -1.867882, -0.774499
-9.559841, -0.958425, 0.015530, 0.103717, -1.864461, -0.774555
-9.551544, -1.107582, -0.046435, 0.137731, -1.860516, -0.774390
-9.540525, -1.256423, -0.108386, 0.171622, -1.856053, -0.774005
-9.526795, -1.404907, -0.170306, 0.205382, -1.851075, -0.773401
-9.510365, -1.552993, -0.232178, 0.239001, -1.845585, -0.772580
-9.491245, -1.700640, -0.293985, 0.272471, -1.839588, -0.771544
-9.469447, -1.847807, -0.355708, 0.305784, -1.833087, -0.770292
-9.444984, -1.994454, -0.417332, 0.338931, -1.826088, -0.768828
-9.417870, -2.140541, -0.478838, 0.371905, -1.818593, -0.767151
-9.388117, -2.286028, -0.540210, 0.404696, -1.810608, -0.765264
-9.355742, -2.430877, -0.601431, 0.437297, -1.802138, -0.763168
-9.320758, -2.575048, -0.662485, 0.469701, -1.793186, -0.760865
-9.283182, -2.718503, -0.723354, 0.501899, -1.783757, -0.758356
-9.243030, -2.861203, -0.784022, 0.533883, -1.773856, -0.755643
-9.200319, -3.003112, -0.844474, 0.565647, -1.763488, -0.752728
-9.155067, -3.144191, -0.904692, 0.597183, -1.752657, -0.749611
-9.107293, -3.284403, -0.964661, 0.628484, -1.741369, -0.746296
-9.057014, -3.423713, -1.024365, 0.659543, -1.729628, -0.742783
-9.004251, -3.562083, -1.083787, 0.690352, -1.717440, -0.739075
-8.949022, -3.699478, -1.142913, 0.720905, -1.704809, -0.735173
-8.891350, -3.835863, -1.201727, 0.751195, -1.691742, -0.731079
-8.831254, -3.971203, -1.260214, 0.781216, -1.678242, -0.726795
-8.768757, -4.105462, -1.318357, 0.810961, -1.664316, -0.722323
-8.703880, -4.238607, -1.376143, 0.840423, -1.649969, -0.717665
-8.636646, -4.370605, -1.433556, 0.869597, -1.635205, -0.712822
-8.567079, -4.501421, -1.490582, 0.898476, -1.620031, -0.707798
-8.495201, -4.631024, -1.547206, 0.927054, -1.604452, -0.702593
-8.421036, -4.759380, -1.603413, 0.955325, -1.588474, -0.697210
-8.344610, -4.886458, -1.659190, 0.983284, -1.572101, -0.691651
-8.265948, -5.012226, -1.714522, 1.010925, -1.555341, -0.685917
-8.185074, -5.136653, -1.769395, 1.038243, -1.538197, -0.680012
-8.102014, -5.259709, -1.823796, 1.065231, -1.520677, -0.673937
-8.016796, -5.381363, -1.877711, 1.091885, -1.502785, -0.667694
-7.929445, -5.501586, -1.931127, 1.118199, -1.484528, -0.661285
-7.839989, -5.620348, -1.984030, 1.144168, -1.465911, -0.654714
-7.748455, -5.737621, -2.036407, 1.169788, -1.446940, -0.647980
-7.654872, -5.853376, -2.088245, 1.195053, -1.427621, -0.641088
-7.559268, -5.967586, -2.139532, 1.219959, -1.407959, -0.634039
-7.461671, -6.080223, -2.190255, 1.244500, -1.387961, -0.626835
-7.362111, -6.191259, -2.240402, 1.268673, -1.367633, -0.619479
-7.260618, -6.300670, -2.289960, 1.292473, -1.346980, -0.611973
-7.157220, -6.408428, -2.338918, 1.315895, -1.326008, -0.604319
-7.051948, -6.514509, -2.387264, 1.338935, -1.304724, -0.596519
-6.944833, -6.618887, -2.434985, 1.361590, -1.283133, -0.588576
-6.835906, -6.721538, -2.482071, 1.383854, -1.261241, -0.580492
-6.725198, -6.822437, -2.528511, 1.405724, -1.239055, -0.572269
-6.612740, -6.921561, -2.574292, 1.427197, -1.216579, -0.563910
-6.498564, -7.018888, -2.619405, 1.448267, -1.193821, -0.555417
-6.382703, -7.114393, -2.663838, 1.468933, -1.170787, -0.546792
-6.265188, -7.208056, -2.707582, 1.489189, -1.147482, -0.538038
-6.146053, -7.299855, -2.750625, 1.509033, -1.123913, -0.529157
-6.025331, -7.389768, -2.792957, 1.528461, -1.100085, -0.520151
-5.903054, -7.477775, -2.834569, 1.547470, -1.076005, -0.511023
-5.779256, -7.563855, -2.875451, 1.566057, -1.051679, -0.501776
-5.653971, -7.647990, -2.915593, 1.584218, -1.027113, -0.492411
-5.527234, -7.730159, -2.954986, 1.601950, -1.002313, -0.482930
-5.399078, -7.810344, -2.993621, 1.619251, -0.977286, -0.473338
-5.269538, -7.888527, -3.031488, 1.636118, -0.952036, -0.463635
-5.138648, -7.964689, -3.068578, 1.652547, -0.926572, -0.453824
-5.006445, -8.038815, -3.104884, 1.668536, -0.900898, -0.443908
-4.872962, -8.110887, -3.140397, 1.684083, -0.875021, -0.433888
-4.738235, -8.180889, -3.175108, 1.699185, -0.848947, -0.423769
-4.602300, -8.248804, -3.209010, 1.713839, -0.822682, -0.413551
-4.465193, -8.314619, -3.242094, 1.728043, -0.796233, -0.403238
-4.326950, -8.378318, -3.274353, 1.741795, -0.769605, -0.392831
-4.187606, -8.439886, -3.305779, 1.755092, -0.742805, -0.382334
-4.047199, -8.499310, -3.336366, 1.767933, -0.715839, -0.371749
-3.905764, -8.556577, -3.366106, 1.780315, -0.688713, -0.361077
-3.763339, -8.611675, -3.394992, 1.792236, -0.661433, -0.350323
-3.619960, -8.664589, -3.423018, 1.803695, -0.634006, -0.339488
-3.475665, -8.715310, -3.450177, 1.814689, -0.606438, -0.328574
-3.330489, -8.763825, -3.476463, 1.825217, -0.578735, -0.317585
-3.184472, -8.810124, -3.501869, 1.835277, -0.550903, -0.306522
-3.037650, -8.854196, -3.526391, 1.844867, -0.522948, -0.295388
-2.890061, -8.896032, -3.550022, 1.853987, -0.494877, -0.284186
-2.741742, -8.935622, -3.572757, 1.862634, -0.466696, -0.272919
-2.592731, -8.972957, -3.594591, 1.870807, -0.438411, -0.261588
-2.443066, -9.008030, -3.615518, 1.878504, -0.410028, -0.250196
-2.292786, -9.040833, -3.635533, 1.885726, -0.381554, -0.238746
-2.141928, -9.071357, -3.654633, 1.892469, -0.352994, -0.227240
-1.990530, -9.099596, -3.672812, 1.898734, -0.324356, -0.215680
-1.838632, -9.125545, -3.690067, 1.904519, -0.295644, -0.204070
-1.686270, -9.149196, -3.706392, 1.909823, -0.266866, -0.192412
-1.533484, -9.170546, -3.721785, 1.914645, -0.238028, -0.180709
-1.380313, -9.189588, -3.736242, 1.918985, -0.209136, -0.168962
-1.226794, -9.206319, -3.749759, 1.922841, -0.180196, -0.157175
-1.072967, -9.220735, -3.762333, 1.926213, -0.151215, -0.145349
-0.918870, -9.232832, -3.773961, 1.929101, -0.122198, -0.133489
-0.764542, -9.242608, -3.784640, 1.931504, -0.093152, -0.121595
-0.610021, -9.250060, -3.794367, 1.933421, -0.064084, -0.109671
-0.455348, -9.255186, -3.803141, 1.934852, -0.034999, -0.097719
-0.300560, -9.257986, -3.810959, 1.935796, -0.005903, -0.085743
-0.145696, -9.258459, -3.817818, 1.936254, 0.023196, -0.073743
0.009205, -9.256603, -3.823718, 1.936225, 0.052293, -0.061724
0.164103, -9.252420, -3.828656, 1.935709, 0.081381, -0.049687
0.318959, -9.245909, -3.832630, 1.934707, 0.110454, -0.037636
0.473736, -9.237073, -3.835641, 1.933217, 0.139506, -0.025572
0.628393, -9.225912, -3.837687, 1.931240, 0.168531, -0.013499
0.782892, -9.212430, -3.838767, 1.928776, 0.197522, -0.001418
0.937194, -9.196628, -3.838880, 1.925826, 0.226473, 0.010666
1.091260, -9.178510, -3.838027, 1.922389, 0.255377, 0.022753
1.245052, -9.158080, -3.836207, 1.918467, 0.284229, 0.034838
1.398529, -9.135342, -3.833420, 1.914059, 0.313021, 0.046921
1.551654, -9.110300, -3.829666, 1.909166, 0.341749, 0.058997
1.704387, -9.082960, -3.824946, 1.903789, 0.370405, 0.071064
1.856690, -9.053328, -3.819261, 1.897928, 0.398982, 0.083120
2.008524, -9.021409, -3.812612, 1.891584, 0.427476, 0.095162
2.159851, -8.987211, -3.804999, 1.884758, 0.455879, 0.107187
2.310632, -8.950741, -3.796424, 1.877451, 0.484184, 0.119193
2.460828, -8.912006, -3.786888, 1.869664, 0.512387, 0.131176
2.610401, -8.871015, -3.776394, 1.861397, 0.540480, 0.143136
2.759313, -8.827777, -3.764944, 1.852652, 0.568457, 0.155067
2.907525, -8.782300, -3.752538, 1.843431, 0.596311, 0.166969
3.054999, -8.734595, -3.739181, 1.833733, 0.624037, 0.178838
3.201698, -8.684672, -3.724874, 1.823562, 0.651628, 0.190672
3.347583, -8.632542, -3.709620, 1.812917, 0.679077, 0.202468
3.492616, -8.578216, -3.693422, 1.801801, 0.706379, 0.214223
3.636760, -8.521706, -3.676284, 1.790216, 0.733526, 0.225934
3.779978, -8.463023, -3.658210, 1.778162, 0.760513, 0.237600
3.922231, -8.402182, -3.639202, 1.765642, 0.787333, 0.249216
4.063482, -8.339196, -3.619265, 1.752658, 0.813980, 0.260781
4.203695, -8.274077, -3.598402, 1.739211, 0.840448, 0.272292
4.342831, -8.206841, -3.576619, 1.725304, 0.866729, 0.283745
4.480856, -8.137503, -3.553919, 1.710938, 0.892818, 0.295139
4.617731, -8.066078, -3.530308, 1.696116, 0.918708, 0.306471
4.753420, -7.992581, -3.505790, 1.680840, 0.944394, 0.317737
4.887887, -7.917030, -3.480371, 1.665113, 0.969867, 0.328935
5.021096, -7.839440, -3.454057, 1.648937, 0.995124, 0.340063
5.153011, -7.759830, -3.426851, 1.632314, 1.020155, 0.351118
5.283596, -7.678218, -3.398762, 1.615247, 1.044957, 0.362096
5.412816, -7.594621, -3.369794, 1.597740, 1.069522, 0.372996
5.540635, -7.509060, -3.339955, 1.579794, 1.093843, 0.383814
5.667019, -7.421552, -3.309250, 1.561413, 1.117915, 0.394547
5.791932, -7.332119, -3.277686, 1.542599, 1.141731, 0.405194
5.915340, -7.240780, -3.245270, 1.523357, 1.165285, 0.415751
6.037208, -7.147558, -3.212010, 1.503688, 1.188571, 0.426215
6.157503, -7.052472, -3.177913, 1.483598, 1.211582, 0.436584
6.276191, -6.955545, -3.142986, 1.463088, 1.234312, 0.446855
6.393238, -6.856800, -3.107238, 1.442163, 1.256754, 0.457025
6.508611, -6.756260, -3.070676, 1.420825, 1.278903, 0.467091
6.622277, -6.653948, -3.033309, 1.399080, 1.300753, 0.477052
6.734204, -6.549888, -2.995145, 1.376931, 1.322296, 0.486903
6.844358, -6.444104, -2.956192, 1.354381, 1.343527, 0.496643
6.952709, -6.336622, -2.916461, 1.331435, 1.364439, 0.506268
7.059223, -6.227467, -2.875959, 1.308098, 1.385027, 0.515776
7.163871, -6.116664, -2.834697, 1.284372, 1.405284, 0.525164
7.266621, -6.004242, -2.792684, 1.260264, 1.425205, 0.534429
7.367442, -5.890225, -2.749930, 1.235777, 1.444782, 0.543569
7.466304, -5.774643, -2.706445, 1.210916, 1.464010, 0.552581
7.563178, -5.657522, -2.662238, 1.185685, 1.482883, 0.561462
7.658032, -5.538891, -2.617321, 1.160091, 1.501396, 0.570209
7.750840, -5.418780, -2.571704, 1.134137, 1.519541, 0.578821
7.841571, -5.297216, -2.525399, 1.107828, 1.537312, 0.587293
7.930197, -5.174231, -2.478415, 1.081171, 1.554705, 0.595624
8.016691, -5.049855, -2.430765, 1.054171, 1.571714, 0.603811
8.101024, -4.924118, -2.382460, 1.026832, 1.588331, 0.611852
8.183171, -4.797051, -2.333512, 0.999161, 1.604552, 0.619742
8.263104, -4.668687, -2.283933, 0.971163, 1.620371, 0.627481
8.340797, -4.539057, -2.233734, 0.942844, 1.635782, 0.635065
8.416224, -4.408195, -2.182929, 0.914211, 1.650780, 0.642492
8.489361, -4.276132, -2.131530, 0.885268, 1.665358, 0.649759
8.560182, -4.142904, -2.079549, 0.856024, 1.679512, 0.656863
8.628664, -4.008543, -2.027000, 0.826483, 1.693235, 0.663803
8.694783, -3.873084, -1.973896, 0.796652, 1.706523, 0.670575
8.758515, -3.736562, -1.920250, 0.766539, 1.719370, 0.677177
8.819838, -3.599013, -1.866076, 0.736150, 1.731771, 0.683607
8.878730, -3.460471, -1.811387, 0.705491, 1.743720, 0.689861
8.935170, -3.320973, -1.756198, 0.674570, 1.755213, 0.695939
8.989135, -3.180556, -1.700523, 0.643394, 1.766243, 0.701837
9.040607, -3.039257, -1.644376, 0.611970, 1.776807, 0.707552
9.089564, -2.897112, -1.587772, 0.580306, 1.786900, 0.713083
9.135989, -2.754160, -1.530725, 0.548410, 1.796515, 0.718428
9.179862, -2.610439, -1.473251, 0.516288, 1.805650, 0.723583
9.221165, -2.465987, -1.415365, 0.483948, 1.814298, 0.728547
9.259881, -2.320843, -1.357081, 0.451400, 1.822456, 0.733317
9.295993, -2.175047, -1.298416, 0.418650, 1.830118, 0.737891
9.329485, -2.028637, -1.239384, 0.385707, 1.837282, 0.742267
9.360341, -1.881655, -1.180003, 0.352580, 1.843941, 0.746443
9.388548, -1.734140, -1.120287, 0.319277, 1.850092, 0.750417
9.414090, -1.586132, -1.060254, 0.285805, 1.855732, 0.754187
9.436954, -1.437674, -0.999919, 0.252176, 1.860855, 0.757750
9.457128, -1.288805, -0.939299, 0.218396, 1.865459, 0.761105
9.474600, -1.139569, -0.878411, 0.184475, 1.869539, 0.764250
9.489358, -0.990005, -0.817271, 0.150422, 1.873091, 0.767183
9.501392, -0.840158, -0.755896, 0.116247, 1.876113, 0.769902
9.510691, -0.690069, -0.694304, 0.081958, 1.878601, 0.772405
9.517248, -0.539781, -0.632511, 0.047566, 1.880552, 0.774691
9.521053, -0.389337, -0.570536, 0.013080, 1.881962, 0.776757
9.522100, -0.238780, -0.508395, -0.021491, 1.882829, 0.778603
9.520380, -0.088154, -0.446107, -0.056136, 1.883150, 0.780227
9.515890, 0.062498, -0.383689, -0.090846, 1.882922, 0.781626
9.508622, 0.213132, -0.321159, -0.125610, 1.882142, 0.782800
9.498573, 0.363703, -0.258535, -0.160418, 1.880809, 0.783748
9.485740, 0.514168, -0.195835, -0.195261, 1.878921, 0.784467
9.470119, 0.664482, -0.133078, -0.230127, 1.876474, 0.784957
9.451709, 0.814600, -0.070281, -0.265006, 1.873468, 0.785216
9.430508, 0.964477, -0.007464, -0.299888, 1.869901, 0.785244
9.406517, 1.114069, 0.055356, -0.334761, 1.865771, 0.785039
9.379736, 1.263331, 0.118159, -0.369616, 1.861076, 0.784600
9.350167, 1.412217, 0.180927, -0.404440, 1.855816, 0.783926
9.317812, 1.560682, 0.243641, -0.439224, 1.849990, 0.783016
9.282674, 1.708682, 0.306282, -0.473955, 1.843597, 0.781870
9.244757, 1.856169, 0.368832, -0.508624, 1.836637, 0.780487
9.204067, 2.003100, 0.431271, -0.543218, 1.829108, 0.778866
9.160610, 2.149429, 0.493580, -0.577726, 1.821011, 0.777007
9.114392, 2.295110, 0.555740, -0.612137, 1.812346, 0.774909
9.065421, 2.440098, 0.617733, -0.646440, 1.803113, 0.772571
9.013706, 2.584347, 0.679539, -0.680623, 1.793312, 0.769994
8.959256, 2.727811, 0.741138, -0.714675, 1.782944, 0.767177
8.902082, 2.870447, 0.802513, -0.748583, 1.772011, 0.764121
8.842195, 3.012208, 0.863642, -0.782336, 1.760512, 0.760824
8.779608, 3.153049, 0.924508, -0.815924, 1.748450, 0.757287
8.714334, 3.292925, 0.985091, -0.849333, 1.735825, 0.753510
8.646388, 3.431791, 1.045372, -0.882552, 1.722640, 0.749494
8.575784, 3.569602, 1.105331, -0.915569, 1.708897, 0.745238
8.502538, 3.706314, 1.164950, -0.948373, 1.694598, 0.740744
8.426668, 3.841882, 1.224210, -0.980952, 1.679744, 0.736011
8.348192, 3.976261, 1.283091, -1.013294, 1.664340, 0.731040
8.267129, 4.109408, 1.341574, -1.045387, 1.648387, 0.725832
8.183498, 4.241279, 1.399641, -1.077219, 1.631890, 0.720388
8.097320, 4.371831, 1.457272, -1.108779, 1.614850, 0.714708
8.008618, 4.501019, 1.514448, -1.140054, 1.597273, 0.708794
7.917413, 4.628800, 1.571152, -1.171034, 1.579161, 0.702646
7.823731, 4.755133, 1.627363, -1.201706, 1.560519, 0.696266
7.727594, 4.879975, 1.683065, -1.232058, 1.541352, 0.689655
7.629030, 5.003283, 1.738237, -1.262079, 1.521663, 0.682815
7.528063, 5.125016, 1.792862, -1.291758, 1.501458, 0.675747
7.424723, 5.245133, 1.846922, -1.321083, 1.480742, 0.668452
7.319036, 5.363592, 1.900398, -1.350042, 1.459520, 0.660933
7.211033, 5.480353, 1.953273, -1.378624, 1.437797, 0.653191
7.100743, 5.595377, 2.005528, -1.406818, 1.415581, 0.645228
6.988197, 5.708624, 2.057147, -1.434612, 1.392876, 0.637046
6.873428, 5.820054, 2.108110, -1.461996, 1.369689, 0.628647
6.756469, 5.929629, 2.158402, -1.488958, 1.346026, 0.620034
6.637352, 6.037311, 2.208005, -1.515488, 1.321895, 0.611209
6.516113, 6.143063, 2.256901, -1.541574, 1.297302, 0.602173
6.392787, 6.246847, 2.305075, -1.567206, 1.272255, 0.592931
6.267411, 6.348627, 2.352510, -1.592374, 1.246761, 0.583484
6.140021, 6.448368, 2.399189, -1.617067, 1.220828, 0.573836
6.010655, 6.546034, 2.445095, -1.641275, 1.194464, 0.563988
5.879353, 6.641591, 2.490214, -1.664988, 1.167677, 0.553944
5.746154, 6.735005, 2.534530, -1.688195, 1.140475, 0.543708
5.611099, 6.826243, 2.578027, -1.710888, 1.112868, 0.533282
5.474228, 6.915273, 2.620689, -1.733056, 1.084865, 0.522669
5.335583, 7.002062, 2.662503, -1.754690, 1.056473, 0.511873
5.195208, 7.086580, 2.703453, -1.775782, 1.027703, 0.500898
5.053145, 7.168796, 2.743524, -1.796321, 0.998565, 0.489747
4.909440, 7.248681, 2.782704, -1.816299, 0.969067, 0.478423
4.764136, 7.326207, 2.820978, -1.835708, 0.939220, 0.466930
4.617279, 7.401344, 2.858332, -1.854539, 0.909035, 0.455273
4.468916, 7.474067, 2.894754, -1.872785, 0.878520, 0.443454
4.319093, 7.544349, 2.930230, -1.890436, 0.847688, 0.431479
4.167858, 7.612164, 2.964749, -1.907486, 0.816548, 0.419351
4.015259, 7.677488, 2.998297, -1.923927, 0.785112, 0.407074
3.861345, 7.740296, 3.030863, -1.939751, 0.753390, 0.394653
3.706165, 7.800568, 3.062435, -1.954953, 0.721395, 0.382092
3.549769, 7.858279, 3.093002, -1.969525, 0.689136, 0.369395
3.392207, 7.913410, 3.122554, -1.983461, 0.656626, 0.356567
3.233530, 7.965940, 3.151079, -1.996754, 0.623877, 0.343612
3.073790, 8.015850, 3.178568, -2.009400, 0.590900, 0.330535
2.913038, 8.063122, 3.205011, -2.021392, 0.557707, 0.317342
2.751326, 8.107739, 3.230398, -2.032725, 0.524310, 0.304035
2.588708, 8.149684, 3.254721, -2.043394, 0.490722, 0.290621
2.425237, 8.188942, 3.277971, -2.053394, 0.456955, 0.277104
2.260965, 8.225498, 3.300139, -2.062722, 0.423021, 0.263490
2.095948, 8.259340, 3.321218, -2.071372, 0.388933, 0.249782
1.930238, 8.290454, 3.341201, -2.079342, 0.354703, 0.235987
1.763890, 8.318830, 3.360080, -2.086627, 0.320344, 0.222109
1.596960, 8.344458, 3.377849, -2.093225, 0.285869, 0.208154
1.429502, 8.367327, 3.394501, -2.099133, 0.251290, 0.194126
1.261572, 8.387431, 3.410031, -2.104347, 0.216622, 0.180031
1.093224, 8.404760, 3.424433, -2.108867, 0.181875, 0.165874
0.924515, 8.419310, 3.437703, -2.112689, 0.147065, 0.151660
0.755499, 8.431076, 3.449836, -2.115813, 0.112202, 0.137395
0.586234, 8.440052, 3.460828, -2.118237, 0.077302, 0.123084
0.416775, 8.446236, 3.470674, -2.119961, 0.042375, 0.108732
0.247178, 8.449626, 3.479373, -2.120983, 0.007437, 0.094345
0.077500, 8.450221, 3.486921, -2.121303, -0.027501, 0.079929
-0.092204, 8.448021, 3.493315, -2.120922, -0.062425, 0.065487
-0.261878, 8.443027, 3.498554, -2.119840, -0.097322, 0.051027
-0.431465, 8.435241, 3.502636, -2.118057, -0.132179, 0.036553
-0.600910, 8.424667, 3.505560, -2.115574, -0.166983, 0.022071
-0.770156, 8.411308, 3.507326, -2.112394, -0.201721, 0.007586
-0.939147, 8.395171, 3.507933, -2.108516, -0.236381, -0.006897
-1.107829, 8.376260, 3.507381, -2.103945, -0.270949, -0.021371
-1.276144, 8.354584, 3.505671, -2.098680, -0.305412, -0.035833
-1.444039, 8.330151, 3.502805, -2.092726, -0.339758, -0.050275
-1.611457, 8.302971, 3.498783, -2.086086, -0.373975, -0.064694
-1.778344, 8.273053, 3.493607, -2.078761, -0.408049, -0.079083
-1.944645, 8.240409, 3.487281, -2.070757, -0.441968, -0.093437
-2.110305, 8.205051, 3.479806, -2.062076, -0.475720, -0.107751
-2.275271, 8.166994, 3.471186, -2.052723, -0.509292, -0.122021
-2.439489, 8.126250, 3.461424, -2.042702, -0.542673, -0.136239
-2.602905, 8.082837, 3.450525, -2.032018, -0.575850, -0.150402
-2.765467, 8.036769, 3.438493, -2.020676, -0.608812, -0.164505
-2.927121, 7.988064, 3.425332, -2.008681, -0.641546, -0.178542
-3.087815, 7.936740, 3.411049, -1.996038, -0.674041, -0.192507
-3.247498, 7.882817, 3.395648, -1.982754, -0.706286, -0.206397
-3.406118, 7.826314, 3.379136, -1.968835, -0.738269, -0.220206
-3.563625, 7.767252, 3.361520, -1.954286, -0.769979, -0.233930
-3.719968, 7.705654, 3.342806, -1.939115, -0.801405, -0.247563
-3.875097, 7.641541, 3.323000, -1.923328, -0.832536, -0.261101
-4.028964, 7.574939, 3.302112, -1.906932, -0.863362, -0.274539
-4.181518, 7.505870, 3.280149, -1.889935, -0.893872, -0.287872
-4.332713, 7.434360, 3.257120, -1.872344, -0.924056, -0.301096
-4.482501, 7.360435, 3.233032, -1.854167, -0.953903, -0.314206
-4.630834, 7.284123, 3.207895, -1.835412, -0.983404, -0.327198
-4.777667, 7.205451, 3.181720, -1.816087, -1.012549, -0.340068
-4.922954, 7.124447, 3.154514, -1.796201, -1.041329, -0.352811
-5.066650, 7.041140, 3.126289, -1.775761, -1.069734, -0.365422
-5.208711, 6.955562, 3.097056, -1.754778, -1.097755, -0.377899
-5.349093, 6.867741, 3.066824, -1.733259, -1.125383, -0.390237
