Posicion                     Velocidad
t=5.000000, 0.634905, 0.691055, 0.299600, -4.906825, -3.737245, -1.620241
t=0.000000, 0.595651, 0.661157, 0.286638, -5.103614, -3.955676, -1.714940
t=0.008000, 0.554822, 0.629511, 0.272918, -5.318036, -4.198963, -1.820415
t=0.016000, 0.512277, 0.595920, 0.258355, -5.553533, -4.472912, -1.939182
t=0.024000, 0.467849, 0.560136, 0.242842, -5.814563, -4.785432, -2.074672
t=0.032000, 0.421333, 0.521853, 0.226244, -6.106995, -5.147631, -2.231700
t=0.040000, 0.372477, 0.480672, 0.208391, -6.438692, -5.575679, -2.417276
t=0.048000, 0.320967, 0.436066, 0.189052, -6.820331, -6.094174, -2.642064
t=0.056000, 0.266404, 0.387313, 0.167916, -7.266363, -6.742639, -2.923200
t=0.064000, 0.208274, 0.333372, 0.144530, -7.795196, -7.589112, -3.290181
t=0.072000, 0.145912, 0.272659, 0.118209, -8.422506, -8.761338, -3.798388
t=0.080000, 0.078532, 0.202568, 0.087822, -9.106010, -10.524394, -4.562746
t=0.088000, 0.005684, 0.118373, 0.051320, -9.245509, -13.429621, -5.822283
t=0.096000, -0.068280, 0.010936, 0.004741, 0.766444, -15.033211, -6.517530
t=0.104000, -0.062149, -0.109329, -0.047399, 59.710573, 88.658970, 38.437249
t=0.112000, 0.415536, 0.599942, 0.260099, 5.646473, 10.602323, 4.596539
t=0.120000, 0.460708, 0.684761, 0.296872, 5.333595, 10.137286, 4.394927
t=0.128000, 0.503376, 0.765859, 0.332031, 5.097974, 9.778802, 4.239509
t=0.136000, 0.544160, 0.844090, 0.365947, 4.912419, 9.490973, 4.114724
t=0.144000, 0.583460, 0.920017, 0.398865, 4.761527, 9.253041, 4.011571
t=0.152000, 0.621552, 0.994042, 0.430957, 4.635813, 9.051987, 3.924406
t=0.160000, 0.658638, 1.066458, 0.462353, 4.529070, 8.879151, 3.849474
t=0.168000, 0.694871, 1.137491, 0.493148, 4.437039, 8.728499, 3.784161
t=0.176000, 0.730367, 1.207319, 0.523422, 4.356689, 8.595678, 3.726577
t=0.184000, 0.765221, 1.276084, 0.553234, 4.285792, 8.477450, 3.675321
t=0.192000, 0.799507, 1.343904, 0.582637, 4.222672, 8.371351, 3.629322
t=0.200000, 0.833288, 1.410875, 0.611671, 4.166040, 8.275464, 3.587752
t=0.208000, 0.866617, 1.477078, 0.640374, 4.114885, 8.188274, 3.549951
t=0.216000, 0.899536, 1.542585, 0.668773, 4.068402, 8.108563, 3.515393
t=0.224000, 0.932083, 1.607453, 0.696896, 4.025943, 8.035339, 3.483647
t=0.232000, 0.964291, 1.671736, 0.724765, 3.986977, 7.967785, 3.454360
t=0.240000, 0.996186, 1.735478, 0.752400, 3.951066, 7.905223, 3.427237
t=0.248000, 1.027795, 1.798720, 0.779818, 3.917844, 7.847082, 3.402031
t=0.256000, 1.059138, 1.861496, 0.807034, 3.887003, 7.792878, 3.378531
t=0.264000, 1.090234, 1.923840, 0.834063, 3.858282, 7.742197, 3.356559
t=0.272000, 1.121100, 1.985777, 0.860915, 3.831459, 7.694686, 3.335961
t=0.280000, 1.151752, 2.047335, 0.887603, 3.806342, 7.650037, 3.316604
t=0.288000, 1.182202, 2.108535, 0.914136, 3.782763, 7.607984, 3.298372
t=0.296000, 1.212465, 2.169399, 0.940523, 3.760579, 7.568291, 3.281163
t=0.304000, 1.242549, 2.229945, 0.966772, 3.739664, 7.530755, 3.264890
t=0.312000, 1.272466, 2.290191, 0.992891, 3.719905, 7.495194, 3.249473
t=0.320000, 1.302226, 2.350153, 1.018887, 3.701206, 7.461446, 3.234842
t=0.328000, 1.331835, 2.409844, 1.044766, 3.683478, 7.429369, 3.220935
t=0.336000, 1.361303, 2.469279, 1.070533, 3.666644, 7.398835, 3.207697
t=0.344000, 1.390636, 2.528470, 1.096195, 3.650636, 7.369728, 3.195078
t=0.352000, 1.419841, 2.587428, 1.121755, 3.635390, 7.341945, 3.183033
t=0.360000, 1.448925, 2.646163, 1.147220, 3.620852, 7.315394, 3.171522
t=0.368000, 1.477891, 2.704686, 1.172592, 3.606971, 7.289990, 3.160508
t=0.376000, 1.506747, 2.763006, 1.197876, 3.593700, 7.265655, 3.149958
t=0.384000, 1.535497, 2.821132, 1.223075, 3.581000, 7.242321, 3.139842
t=0.392000, 1.564145, 2.879070, 1.248194, 3.568832, 7.219924, 3.130132
t=0.400000, 1.592695, 2.936830, 1.273235, 3.557162, 7.198406, 3.120803
t=0.408000, 1.621153, 2.994417, 1.298202, 3.545959, 7.177713, 3.111832
t=0.416000, 1.649520, 3.051838, 1.323096, 3.535194, 7.157796, 3.103197
t=0.424000, 1.677802, 3.109101, 1.347922, 3.524841, 7.138611, 3.094880
t=0.432000, 1.706001, 3.166210, 1.372681, 3.514876, 7.120116, 3.086861
t=0.440000, 1.734120, 3.223171, 1.397376, 3.505276, 7.102273, 3.079125
t=0.448000, 1.762162, 3.279989, 1.422009, 3.496020, 7.085045, 3.071657
t=0.456000, 1.790130, 3.336669, 1.446582, 3.487091, 7.068401, 3.064441
t=0.464000, 1.818027, 3.393216, 1.471098, 3.478470, 7.052310, 3.057465
t=0.472000, 1.845854, 3.449635, 1.495557, 3.470140, 7.036744, 3.050716
t=0.480000, 1.873616, 3.505929, 1.519963, 3.462087, 7.021675, 3.044183
t=0.488000, 1.901312, 3.562102, 1.544317, 3.454297, 7.007081, 3.037856
t=0.496000, 1.928947, 3.618159, 1.568619, 3.446757, 6.992937, 3.031724
t=0.504000, 1.956521, 3.674102, 1.592873, 3.439453, 6.979222, 3.025778
t=0.512000, 1.984036, 3.729936, 1.617079, 3.432376, 6.965916, 3.020009
t=0.520000, 2.011495, 3.785663, 1.641239, 3.425513, 6.953000, 3.014410
t=0.528000, 2.038899, 3.841288, 1.665355, 3.418855, 6.940457, 3.008972
t=0.536000, 2.066250, 3.896811, 1.689427, 3.412393, 6.928270, 3.003688
t=0.544000, 2.093549, 3.952237, 1.713456, 3.406118, 6.916424, 2.998553
t=0.552000, 2.120798, 4.007569, 1.737444, 3.400022, 6.904904, 2.993558
t=0.560000, 2.147999, 4.062808, 1.761393, 3.394096, 6.893695, 2.988699
t=0.568000, 2.175151, 4.117958, 1.785303, 3.388334, 6.882786, 2.983969
t=0.576000, 2.202258, 4.173020, 1.809174, 3.382728, 6.872164, 2.979364
t=0.584000, 2.229320, 4.227997, 1.833009, 3.377272, 6.861817, 2.974878
t=0.592000, 2.256338, 4.282892, 1.856808, 3.371960, 6.851733, 2.970506
t=0.600000, 2.283314, 4.337706, 1.880572, 3.366786, 6.841904, 2.966245
t=0.608000, 2.310248, 4.392441, 1.904302, 3.361744, 6.832319, 2.962090
t=0.616000, 2.337142, 4.447099, 1.927999, 3.356830, 6.822969, 2.958036
t=0.624000, 2.363997, 4.501683, 1.951663, 3.352039, 6.813844, 2.954080
t=0.632000, 2.390813, 4.556194, 1.975296, 3.347365, 6.804937, 2.950218
t=0.640000, 2.417592, 4.610633, 1.998898, 3.342804, 6.796239, 2.946447
t=0.648000, 2.444334, 4.665003, 2.022469, 3.338353, 6.787744, 2.942764
t=0.656000, 2.471041, 4.719305, 2.046011, 3.334006, 6.779443, 2.939165
t=0.664000, 2.497713, 4.773541, 2.069525, 3.329761, 6.771330, 2.935648
t=0.672000, 2.524351, 4.827711, 2.093010, 3.325614, 6.763398, 2.932209
t=0.680000, 2.550956, 4.881819, 2.116467, 3.321561, 6.755641, 2.928847
t=0.688000, 2.577529, 4.935864, 2.139898, 3.317599, 6.748054, 2.925557
t=0.696000, 2.604069, 4.989848, 2.163303, 3.313724, 6.740630, 2.922339
t=0.704000, 2.630579, 5.043773, 2.186681, 3.309935, 6.733365, 2.919189
t=0.712000, 2.657059, 5.097640, 2.210035, 3.306227, 6.726252, 2.916105
t=0.720000, 2.683508, 5.151450, 2.233364, 3.302599, 6.719287, 2.913086
t=0.728000, 2.709929, 5.205204, 2.256668, 3.299048, 6.712466, 2.910128
t=0.736000, 2.736322, 5.258904, 2.279949, 3.295571, 6.705783, 2.907231
t=0.744000, 2.762686, 5.312550, 2.303207, 3.292166, 6.699235, 2.904392
t=0.752000, 2.789024, 5.366144, 2.326442, 3.288830, 6.692817, 2.901610
t=0.760000, 2.815334, 5.419687, 2.349655, 3.285562, 6.686526, 2.898882
t=0.768000, 2.841619, 5.473179, 2.372846, 3.282359, 6.680356, 2.896208
t=0.776000, 2.867878, 5.526622, 2.396016, 3.279219, 6.674306, 2.893585
t=0.784000, 2.894111, 5.580016, 2.419165, 3.276141, 6.668371, 2.891012
t=0.792000, 2.920320, 5.633363, 2.442293, 3.273123, 6.662548, 2.888487
t=0.800000, 2.946505, 5.686664, 2.465401, 3.270162, 6.656834, 2.886010
t=0.808000, 2.972667, 5.739918, 2.488489, 3.267257, 6.651226, 2.883578
t=0.816000, 2.998805, 5.793128, 2.511557, 3.264407, 6.645720, 2.881191
t=0.824000, 3.024920, 5.846294, 2.534607, 3.261610, 6.640314, 2.878847
t=0.832000, 3.051013, 5.899416, 2.557638, 3.258864, 6.635005, 2.876546
t=0.840000, 3.077084, 5.952496, 2.580650, 3.256168, 6.629790, 2.874285
t=0.848000, 3.103133, 6.005535, 2.603644, 3.253521, 6.624667, 2.872064
t=0.856000, 3.129161, 6.058532, 2.626621, 3.250921, 6.619633, 2.869882
t=0.864000, 3.155169, 6.111489, 2.649580, 3.248368, 6.614686, 2.867737
t=0.872000, 3.181156, 6.164407, 2.672522, 3.245858, 6.609824, 2.865629
t=0.880000, 3.207123, 6.217285, 2.695447, 3.243393, 6.605044, 2.863557
t=0.888000, 3.233070, 6.270126, 2.718355, 3.240970, 6.600345, 2.861519
t=0.896000, 3.258997, 6.322928, 2.741247, 3.238588, 6.595723, 2.859516
t=0.904000, 3.284906, 6.375694, 2.764124, 3.236246, 6.591178, 2.857545
t=0.912000, 3.310796, 6.428424, 2.786984, 3.233943, 6.586707, 2.855607
t=0.920000, 3.336668, 6.481117, 2.809829, 3.231679, 6.582309, 2.853700
t=0.928000, 3.362521, 6.533776, 2.832658, 3.229452, 6.577981, 2.851824
t=0.936000, 3.388357, 6.586400, 2.855473, 3.227261, 6.573722, 2.849977
t=0.944000, 3.414175, 6.638989, 2.878273, 3.225105, 6.569531, 2.848160
t=0.952000, 3.439976, 6.691546, 2.901058, 3.222984, 6.565405, 2.846371
t=0.960000, 3.465759, 6.744069, 2.923829, 3.220896, 6.561343, 2.844610
t=0.968000, 3.491527, 6.796560, 2.946586, 3.218842, 6.557343, 2.842876
t=0.976000, 3.517277, 6.849018, 2.969329, 3.216819, 6.553405, 2.841169
t=0.984000, 3.543012, 6.901446, 2.992058, 3.214828, 6.549526, 2.839487
t=0.992000, 3.568731, 6.953842, 3.014774, 3.212867, 6.545706, 2.837831
t=1.000000, 3.594433, 7.006207, 3.037477, 3.210936, 6.541942, 2.836199
t=1.008000, 3.620121, 7.058543, 3.060166, 3.209035, 6.538234, 2.834592
t=1.016000, 3.645793, 7.110849, 3.082843, 3.207162, 6.534580, 2.833008
t=1.024000, 3.671451, 7.163125, 3.105507, 3.205316, 6.530980, 2.831447
t=1.032000, 3.697093, 7.215373, 3.128159, 3.203498, 6.527431, 2.829908
t=1.040000, 3.722721, 7.267593, 3.150798, 3.201706, 6.523934, 2.828392
t=1.048000, 3.748335, 7.319784, 3.173425, 3.199940, 6.520486, 2.826897
t=1.056000, 3.773934, 7.371948, 3.196040, 3.198200, 6.517086, 2.825423
t=1.064000, 3.799520, 7.424085, 3.218644, 3.196485, 6.513734, 2.823970
t=1.072000, 3.825092, 7.476195, 3.241236, 3.194794, 6.510429, 2.822537
t=1.080000, 3.850650, 7.528278, 3.263816, 3.193126, 6.507169, 2.821124
t=1.088000, 3.876195, 7.580335, 3.286385, 3.191482, 6.503954, 2.819730
t=1.096000, 3.901727, 7.632367, 3.308943, 3.189861, 6.500783, 2.818355
t=1.104000, 3.927246, 7.684373, 3.331490, 3.188262, 6.497654, 2.816999
t=1.112000, 3.952752, 7.736355, 3.354026, 3.186685, 6.494568, 2.815661
t=1.120000, 3.978245, 7.788311, 3.376551, 3.185130, 6.491522, 2.814340
t=1.128000, 4.003726, 7.840243, 3.399066, 3.183595, 6.488517, 2.813037
t=1.136000, 4.029195, 7.892151, 3.421570, 3.182081, 6.485551, 2.811751
t=1.144000, 4.054652, 7.944036, 3.444064, 3.180586, 6.482623, 2.810482
t=1.152000, 4.080097, 7.995897, 3.466548, 3.179112, 6.479734, 2.809229
t=1.160000, 4.105529, 8.047735, 3.489022, 3.177657, 6.476881, 2.807993
t=1.168000, 4.130951, 8.099550, 3.511485, 3.176220, 6.474065, 2.806772
t=1.176000, 4.156360, 8.151342, 3.533940, 3.174803, 6.471285, 2.805566
t=1.184000, 4.181759, 8.203113, 3.556384, 3.173403, 6.468539, 2.804376
t=1.192000, 4.207146, 8.254861, 3.578819, 3.172021, 6.465828, 2.803201
t=1.200000, 4.232522, 8.306587, 3.601245, 3.170657, 6.463151, 2.802040
t=1.208000, 4.257888, 8.358293, 3.623661, 3.169310, 6.460506, 2.800894
t=1.216000, 4.283242, 8.409977, 3.646068, 3.167980, 6.457894, 2.799761
t=1.224000, 4.308586, 8.461640, 3.668466, 3.166666, 6.455314, 2.798643
t=1.232000, 4.333919, 8.513282, 3.690855, 3.165368, 6.452765, 2.797537
t=1.240000, 4.359242, 8.564905, 3.713236, 3.164086, 6.450247, 2.796446
t=1.248000, 4.384555, 8.616506, 3.735607, 3.162820, 6.447758, 2.795367
t=1.256000, 4.409857, 8.668089, 3.757970, 3.161569, 6.445300, 2.794301
t=1.264000, 4.435150, 8.719651, 3.780325, 3.160333, 6.442870, 2.793247
t=1.272000, 4.460433, 8.771194, 3.802671, 3.159112, 6.440468, 2.792206
t=1.280000, 4.485705, 8.822718, 3.825008, 3.157906, 6.438095, 2.791177
t=1.288000, 4.510969, 8.874222, 3.847338, 3.156713, 6.435749, 2.790160
t=1.296000, 4.536222, 8.925708, 3.869659, 3.155535, 6.433430, 2.789155
t=1.304000, 4.561467, 8.977176, 3.891972, 3.154370, 6.431138, 2.788161
t=1.312000, 4.586702, 9.028625, 3.914278, 3.153218, 6.428871, 2.787178
t=1.320000, 4.611927, 9.080056, 3.936575, 3.152080, 6.426630, 2.786207
t=1.328000, 4.637144, 9.131469, 3.958865, 3.150955, 6.424415, 2.785246
t=1.336000, 4.662352, 9.182864, 3.981147, 3.149843, 6.422224, 2.784297
t=1.344000, 4.687550, 9.234242, 4.003421, 3.148743, 6.420057, 2.783357
t=1.352000, 4.712740, 9.285603, 4.025688, 3.147655, 6.417915, 2.782428
t=1.360000, 4.737922, 9.336946, 4.047947, 3.146580, 6.415795, 2.781510
t=1.368000, 4.763094, 9.388272, 4.070199, 3.145517, 6.413699, 2.780601
t=1.376000, 4.788258, 9.439582, 4.092444, 3.144465, 6.411626, 2.779702
t=1.384000, 4.813414, 9.490875, 4.114682, 3.143425, 6.409575, 2.778813
t=1.392000, 4.838562, 9.542151, 4.136912, 3.142396, 6.407546, 2.777933
t=1.400000, 4.863701, 9.593412, 4.159136, 3.141378, 6.405538, 2.777063
t=1.408000, 4.888832, 9.644656, 4.181352, 3.140371, 6.403552, 2.776202
t=1.416000, 4.913955, 9.695884, 4.203562, 3.139375, 6.401587, 2.775350
t=1.424000, 4.939070, 9.747097, 4.225765, 3.138390, 6.399642, 2.774506
t=1.432000, 4.964177, 9.798294, 4.247961, 3.137415, 6.397718, 2.773672
t=1.440000, 4.989276, 9.849476, 4.270150, 3.136450, 6.395813, 2.772846
t=1.448000, 5.014368, 9.900643, 4.292333, 3.135495, 6.393928, 2.772029
t=1.456000, 5.039452, 9.951794, 4.314509, 3.134551, 6.392063, 2.771221
t=1.464000, 5.064528, 10.002930, 4.336679, 3.133616, 6.390216, 2.770420
t=1.472000, 5.089597, 10.054052, 4.358842, 3.132691, 6.388389, 2.769628
t=1.480000, 5.114659, 10.105159, 4.380999, 3.131775, 6.386579, 2.768843
t=1.488000, 5.139713, 10.156252, 4.403150, 3.130868, 6.384788, 2.768067
t=1.496000, 5.164760, 10.207330, 4.425294, 3.129971, 6.383015, 2.767298
t=1.504000, 5.189799, 10.258394, 4.447433, 3.129083, 6.381259, 2.766537
t=1.512000, 5.214832, 10.309444, 4.469565, 3.128204, 6.379521, 2.765783
t=1.520000, 5.239858, 10.360481, 4.491691, 3.127333, 6.377799, 2.765037
t=1.528000, 5.264876, 10.411503, 4.513812, 3.126471, 6.376095, 2.764298
t=1.536000, 5.289888, 10.462512, 4.535926, 3.125618, 6.374407, 2.763566
t=1.544000, 5.314893, 10.513507, 4.558035, 3.124773, 6.372736, 2.762841
t=1.552000, 5.339891, 10.564489, 4.580137, 3.123936, 6.371080, 2.762124
t=1.560000, 5.364883, 10.615458, 4.602234, 3.123107, 6.369440, 2.761413
t=1.568000, 5.389868, 10.666413, 4.624326, 3.122287, 6.367816, 2.760709
t=1.576000, 5.414846, 10.717356, 4.646411, 3.121474, 6.366208, 2.760011
t=1.584000, 5.439818, 10.768285, 4.668491, 3.120669, 6.364614, 2.759320
t=1.592000, 5.464783, 10.819202, 4.690566, 3.119872, 6.363036, 2.758636
t=1.600000, 5.489742, 10.870106, 4.712635, 3.119082, 6.361472, 2.757958
t=1.608000, 5.514695, 10.920998, 4.734699, 3.118300, 6.359923, 2.757287
t=1.616000, 5.539641, 10.971878, 4.756757, 3.117525, 6.358388, 2.756621
t=1.624000, 5.564581, 11.022745, 4.778810, 3.116757, 6.356867, 2.755962
t=1.632000, 5.589515, 11.073600, 4.800858, 3.115996, 6.355361, 2.755309
t=1.640000, 5.614443, 11.124443, 4.822900, 3.115243, 6.353868, 2.754661
t=1.648000, 5.639365, 11.175274, 4.844937, 3.114496, 6.352388, 2.754020
t=1.656000, 5.664281, 11.226093, 4.866970, 3.113757, 6.350922, 2.753384
t=1.664000, 5.689191, 11.276900, 4.888997, 3.113024, 6.349469, 2.752754
t=1.672000, 5.714095, 11.327696, 4.911019, 3.112297, 6.348029, 2.752130
t=1.680000, 5.738994, 11.378480, 4.933036, 3.111577, 6.346602, 2.751511
t=1.688000, 5.763886, 11.429253, 4.955048, 3.110864, 6.345187, 2.750898
t=1.696000, 5.788773, 11.480014, 4.977055, 3.110157, 6.343785, 2.750290
t=1.704000, 5.813655, 11.530765, 4.999057, 3.109456, 6.342395, 2.749688
t=1.712000, 5.838530, 11.581504, 5.021055, 3.108762, 6.341018, 2.749090
t=1.720000, 5.863400, 11.632232, 5.043048, 3.108073, 6.339652, 2.748498
t=1.728000, 5.888265, 11.682949, 5.065036, 3.107391, 6.338298, 2.747911
t=1.736000, 5.913124, 11.733655, 5.087019, 3.106715, 6.336956, 2.747330
t=1.744000, 5.937978, 11.784351, 5.108997, 3.106044, 6.335626, 2.746753
t=1.752000, 5.962826, 11.835036, 5.130972, 3.105380, 6.334307, 2.746181
t=1.760000, 5.987669, 11.885711, 5.152941, 3.104721, 6.332999, 2.745614
t=1.768000, 6.012507, 11.936375, 5.174906, 3.104067, 6.331702, 2.745051
t=1.776000, 6.037340, 11.987028, 5.196866, 3.103420, 6.330416, 2.744494
t=1.784000, 6.062167, 12.037672, 5.218822, 3.102778, 6.329140, 2.743941
t=1.792000, 6.086989, 12.088305, 5.240774, 3.102141, 6.327876, 2.743393
t=1.800000, 6.111806, 12.138928, 5.262721, 3.101509, 6.326622, 2.742849
t=1.808000, 6.136618, 12.189541, 5.284664, 3.100883, 6.325378, 2.742310
t=1.816000, 6.161425, 12.240144, 5.306602, 3.100262, 6.324145, 2.741775
t=1.824000, 6.186227, 12.290737, 5.328536, 3.099647, 6.322922, 2.741245
t=1.832000, 6.211025, 12.341320, 5.350466, 3.099036, 6.321708, 2.740719
t=1.840000, 6.235817, 12.391894, 5.372392, 3.098431, 6.320505, 2.740197
t=1.848000, 6.260604, 12.442458, 5.394314, 3.097830, 6.319311, 2.739680
t=1.856000, 6.285387, 12.493012, 5.416231, 3.097234, 6.318127, 2.739166
t=1.864000, 6.310165, 12.543557, 5.438144, 3.096644, 6.316953, 2.738657
t=1.872000, 6.334938, 12.594093, 5.460054, 3.096058, 6.315788, 2.738152
t=1.880000, 6.359707, 12.644619, 5.481959, 3.095476, 6.314632, 2.737651
t=1.888000, 6.384470, 12.695136, 5.503860, 3.094900, 6.313486, 2.737154
t=1.896000, 6.409230, 12.745644, 5.525757, 3.094328, 6.312348, 2.736661
t=1.904000, 6.433984, 12.796143, 5.547651, 3.093760, 6.311219, 2.736172
t=1.912000, 6.458734, 12.846633, 5.569540, 3.093197, 6.310100, 2.735686
t=1.920000, 6.483480, 12.897114, 5.591426, 3.092639, 6.308989, 2.735204
t=1.928000, 6.508221, 12.947586, 5.613307, 3.092085, 6.307886, 2.734727
t=1.936000, 6.532958, 12.998049, 5.635185, 3.091535, 6.306793, 2.734252
t=1.944000, 6.557690, 13.048503, 5.657059, 3.090989, 6.305707, 2.733782
t=1.952000, 6.582418, 13.098949, 5.678929, 3.090448, 6.304630, 2.733315
t=1.960000, 6.607141, 13.149386, 5.700796, 3.089911, 6.303561, 2.732852
t=1.968000, 6.631861, 13.199814, 5.722659, 3.089378, 6.302501, 2.732392
t=1.976000, 6.656576, 13.250234, 5.744518, 3.088849, 6.301448, 2.731935
t=1.984000, 6.681286, 13.300646, 5.766373, 3.088325, 6.300404, 2.731483
t=1.992000, 6.705993, 13.351049, 5.788225, 3.087804, 6.299367, 2.731033
t=2.000000, 6.730695, 13.401444, 5.810073, 3.087287, 6.298338, 2.730587
t=2.008000, 6.755394, 13.451831, 5.831918, 3.086774, 6.297317, 2.730144
t=2.016000, 6.780088, 13.502209, 5.853759, 3.086265, 6.296303, 2.729705
t=2.024000, 6.804778, 13.552580, 5.875597, 3.085760, 6.295297, 2.729268
t=2.032000, 6.829464, 13.602942, 5.897431, 3.085259, 6.294298, 2.728836
t=2.040000, 6.854146, 13.653296, 5.919262, 3.084761, 6.293307, 2.728406
t=2.048000, 6.878824, 13.703643, 5.941089, 3.084267, 6.292323, 2.727979
t=2.056000, 6.903498, 13.753981, 5.962913, 3.083777, 6.291346, 2.727556
t=2.064000, 6.928169, 13.804312, 5.984733, 3.083290, 6.290376, 2.727135
t=2.072000, 6.952835, 13.854635, 6.006550, 3.082807, 6.289413, 2.726718
t=2.080000, 6.977497, 13.904950, 6.028364, 3.082327, 6.288457, 2.726303
t=2.088000, 7.002156, 13.955258, 6.050174, 3.081851, 6.287508, 2.725892
t=2.096000, 7.026811, 14.005558, 6.071982, 3.081378, 6.286566, 2.725483
t=2.104000, 7.051462, 14.055851, 6.093785, 3.080909, 6.285631, 2.725078
t=2.112000, 7.076109, 14.106136, 6.115586, 3.080443, 6.284702, 2.724675
t=2.120000, 7.100753, 14.156413, 6.137383, 3.079981, 6.283780, 2.724275
t=2.128000, 7.125393, 14.206684, 6.159178, 3.079521, 6.282864, 2.723878
t=2.136000, 7.150029, 14.256947, 6.180969, 3.079065, 6.281955, 2.723484
t=2.144000, 7.174661, 14.307202, 6.202757, 3.078613, 6.281052, 2.723093
t=2.152000, 7.199290, 14.357451, 6.224541, 3.078163, 6.280156, 2.722704
t=2.160000, 7.223915, 14.407692, 6.246323, 3.077717, 6.279265, 2.722318
t=2.168000, 7.248537, 14.457926, 6.268101, 3.077273, 6.278381, 2.721935
t=2.176000, 7.273155, 14.508153, 6.289877, 3.076833, 6.277503, 2.721554
t=2.184000, 7.297770, 14.558373, 6.311649, 3.076396, 6.276631, 2.721176
t=2.192000, 7.322381, 14.608586, 6.333419, 3.075962, 6.275765, 2.720801
t=2.200000, 7.346989, 14.658792, 6.355185, 3.075531, 6.274905, 2.720428
t=2.208000, 7.371593, 14.708991, 6.376949, 3.075103, 6.274051, 2.720057
t=2.216000, 7.396194, 14.759184, 6.398709, 3.074678, 6.273202, 2.719690
t=2.224000, 7.420791, 14.809369, 6.420467, 3.074255, 6.272360, 2.719324
t=2.232000, 7.445385, 14.859548, 6.442221, 3.073836, 6.271523, 2.718961
t=2.240000, 7.469976, 14.909720, 6.463973, 3.073419, 6.270691, 2.718601
t=2.248000, 7.494564, 14.959886, 6.485722, 3.073006, 6.269865, 2.718243
t=2.256000, 7.519148, 15.010045, 6.507468, 3.072595, 6.269045, 2.717887
t=2.264000, 7.543728, 15.060197, 6.529211, 3.072187, 6.268230, 2.717534
t=2.272000, 7.568306, 15.110343, 6.550951, 3.071781, 6.267421, 2.717183
t=2.280000, 7.592880, 15.160483, 6.572688, 3.071378, 6.266617, 2.716834
t=2.288000, 7.617451, 15.210615, 6.594423, 3.070978, 6.265818, 2.716488
t=2.296000, 7.642019, 15.260742, 6.616155, 3.070581, 6.265024, 2.716144
t=2.304000, 7.666584, 15.310862, 6.637884, 3.070186, 6.264236, 2.715802
t=2.312000, 7.691145, 15.360976, 6.659611, 3.069794, 6.263452, 2.715463
t=2.320000, 7.715703, 15.411084, 6.681334, 3.069404, 6.262674, 2.715125
t=2.328000, 7.740259, 15.461185, 6.703055, 3.069017, 6.261901, 2.714790
t=2.336000, 7.764811, 15.511280, 6.724774, 3.068633, 6.261133, 2.714457
t=2.344000, 7.789360, 15.561369, 6.746489, 3.068251, 6.260370, 2.714126
t=2.352000, 7.813906, 15.611452, 6.768202, 3.067871, 6.259611, 2.713797
t=2.360000, 7.838449, 15.661529, 6.789913, 3.067494, 6.258858, 2.713471
t=2.368000, 7.862989, 15.711600, 6.811620, 3.067119, 6.258109, 2.713146
t=2.376000, 7.887526, 15.761665, 6.833326, 3.066747, 6.257365, 2.712823
t=2.384000, 7.912060, 15.811724, 6.855028, 3.066377, 6.256626, 2.712503
t=2.392000, 7.936591, 15.861777, 6.876728, 3.066010, 6.255891, 2.712184
t=2.400000, 7.961119, 15.911824, 6.898426, 3.065644, 6.255161, 2.711868
t=2.408000, 7.985644, 15.961865, 6.920121, 3.065281, 6.254436, 2.711553
t=2.416000, 8.010166, 16.011901, 6.941813, 3.064921, 6.253715, 2.711241
t=2.424000, 8.034686, 16.061930, 6.963503, 3.064562, 6.252998, 2.710930
t=2.432000, 8.059202, 16.111954, 6.985190, 3.064206, 6.252286, 2.710622
t=2.440000, 8.083716, 16.161973, 7.006875, 3.063852, 6.251579, 2.710315
t=2.448000, 8.108227, 16.211985, 7.028558, 3.063501, 6.250875, 2.710010
t=2.456000, 8.132735, 16.261992, 7.050238, 3.063151, 6.250176, 2.709707
t=2.464000, 8.157240, 16.311994, 7.071916, 3.062804, 6.249482, 2.709406
t=2.472000, 8.181742, 16.361990, 7.093591, 3.062458, 6.248791, 2.709106
t=2.480000, 8.206242, 16.411980, 7.115264, 3.062115, 6.248105, 2.708809
t=2.488000, 8.230739, 16.461965, 7.136934, 3.061774, 6.247423, 2.708513
t=2.496000, 8.255233, 16.511944, 7.158602, 3.061435, 6.246745, 2.708219
t=2.504000, 8.279724, 16.561918, 7.180268, 3.061098, 6.246071, 2.707927
t=2.512000, 8.304213, 16.611887, 7.201931, 3.060764, 6.245402, 2.707637
t=2.520000, 8.328699, 16.661850, 7.223593, 3.060431, 6.244736, 2.707348
t=2.528000, 8.353183, 16.711808, 7.245251, 3.060100, 6.244074, 2.707061
t=2.536000, 8.377664, 16.761760, 7.266908, 3.059771, 6.243416, 2.706776
t=2.544000, 8.402142, 16.811708, 7.288562, 3.059444, 6.242762, 2.706492
t=2.552000, 8.426617, 16.861650, 7.310214, 3.059119, 6.242112, 2.706211
t=2.560000, 8.451090, 16.911587, 7.331864, 3.058796, 6.241466, 2.705930
t=2.568000, 8.475561, 16.961518, 7.353511, 3.058475, 6.240823, 2.705652
t=2.576000, 8.500028, 17.011445, 7.375156, 3.058156, 6.240184, 2.705375
t=2.584000, 8.524494, 17.061367, 7.396799, 3.057839, 6.239549, 2.705100
t=2.592000, 8.548956, 17.111283, 7.418440, 3.057524, 6.238918, 2.704826
t=2.600000, 8.573417, 17.161194, 7.440079, 3.057210, 6.238290, 2.704554
t=2.608000, 8.597874, 17.211101, 7.461715, 3.056898, 6.237666, 2.704283
t=2.616000, 8.622329, 17.261002, 7.483349, 3.056588, 6.237046, 2.704014
t=2.624000, 8.646782, 17.310898, 7.504982, 3.056280, 6.236429, 2.703747
t=2.632000, 8.671232, 17.360790, 7.526612, 3.055974, 6.235816, 2.703481
t=2.640000, 8.695680, 17.410676, 7.548239, 3.055669, 6.235206, 2.703217
t=2.648000, 8.720126, 17.460558, 7.569865, 3.055367, 6.234600, 2.702954
t=2.656000, 8.744568, 17.510435, 7.591489, 3.055066, 6.233997, 2.702692
t=2.664000, 8.769009, 17.560307, 7.613110, 3.054766, 6.233398, 2.702433
t=2.672000, 8.793447, 17.610174, 7.634730, 3.054469, 6.232801, 2.702174
t=2.680000, 8.817883, 17.660036, 7.656347, 3.054173, 6.232209, 2.701917
t=2.688000, 8.842316, 17.709894, 7.677962, 3.053878, 6.231619, 2.701662
t=2.696000, 8.866747, 17.759747, 7.699576, 3.053586, 6.231033, 2.701408
t=2.704000, 8.891176, 17.809595, 7.721187, 3.053295, 6.230451, 2.701155
t=2.712000, 8.915602, 17.859439, 7.742796, 3.053005, 6.229871, 2.700904
t=2.720000, 8.940026, 17.909278, 7.764404, 3.052718, 6.229295, 2.700654
t=2.728000, 8.964448, 17.959112, 7.786009, 3.052432, 6.228722, 2.700405
t=2.736000, 8.988868, 18.008942, 7.807612, 3.052147, 6.228152, 2.700158
t=2.744000, 9.013285, 18.058767, 7.829213, 3.051864, 6.227585, 2.699913
t=2.752000, 9.037700, 18.108588, 7.850813, 3.051583, 6.227021, 2.699668
t=2.760000, 9.062112, 18.158404, 7.872410, 3.051303, 6.226460, 2.699425
t=2.768000, 9.086523, 18.208216, 7.894005, 3.051025, 6.225903, 2.699183
t=2.776000, 9.110931, 18.258023, 7.915599, 3.050748, 6.225348, 2.698943
t=2.784000, 9.135337, 18.307826, 7.937190, 3.050473, 6.224797, 2.698704
t=2.792000, 9.159741, 18.357624, 7.958780, 3.050199, 6.224248, 2.698466
t=2.800000, 9.184142, 18.407418, 7.980368, 3.049927, 6.223703, 2.698230
t=2.808000, 9.208542, 18.457208, 8.001954, 3.049656, 6.223160, 2.697994
t=2.816000, 9.232939, 18.506993, 8.023537, 3.049387, 6.222620, 2.697760
t=2.824000, 9.257334, 18.556774, 8.045120, 3.049119, 6.222084, 2.697528
t=2.832000, 9.281727, 18.606551, 8.066700, 3.048853, 6.221550, 2.697296
t=2.840000, 9.306118, 18.656323, 8.088278, 3.048588, 6.221019, 2.697066
t=2.848000, 9.330507, 18.706091, 8.109855, 3.048325, 6.220490, 2.696837
t=2.856000, 9.354893, 18.755855, 8.131429, 3.048062, 6.219965, 2.696609
t=2.864000, 9.379278, 18.805615, 8.153002, 3.047802, 6.219442, 2.696382
t=2.872000, 9.403660, 18.855370, 8.174573, 3.047542, 6.218922, 2.696157
t=2.880000, 9.428040, 18.905122, 8.196143, 3.047285, 6.218405, 2.695933
t=2.888000, 9.452419, 18.954869, 8.217710, 3.047028, 6.217890, 2.695710
t=2.896000, 9.476795, 19.004612, 8.239276, 3.046773, 6.217379, 2.695488
t=2.904000, 9.501169, 19.054351, 8.260840, 3.046519, 6.216869, 2.695267
t=2.912000, 9.525541, 19.104086, 8.282402, 3.046266, 6.216363, 2.695047
t=2.920000, 9.549911, 19.153817, 8.303962, 3.046015, 6.215859, 2.694829
t=2.928000, 9.574280, 19.203544, 8.325521, 3.045765, 6.215358, 2.694612
t=2.936000, 9.598646, 19.253267, 8.347078, 3.045516, 6.214859, 2.694395
t=2.944000, 9.623010, 19.302985, 8.368633, 3.045269, 6.214363, 2.694180
t=2.952000, 9.647372, 19.352700, 8.390186, 3.045023, 6.213869, 2.693966
t=2.960000, 9.671732, 19.402411, 8.411738, 3.044778, 6.213378, 2.693753
t=2.968000, 9.696090, 19.452118, 8.433288, 3.044535, 6.212890, 2.693542
t=2.976000, 9.720447, 19.501821, 8.454836, 3.044293, 6.212404, 2.693331
t=2.984000, 9.744801, 19.551521, 8.476383, 3.044051, 6.211920, 2.693121
t=2.992000, 9.769153, 19.601216, 8.497928, 3.043812, 6.211439, 2.692913
t=3.000000, 9.793504, 19.650908, 8.519471, 3.043573, 6.210960, 2.692705
t=3.008000, 9.817852, 19.700595, 8.541013, 3.043336, 6.210484, 2.692499
t=3.016000, 9.842199, 19.750279, 8.562553, 3.043100, 6.210010, 2.692293
t=3.024000, 9.866544, 19.799959, 8.584091, 3.042865, 6.209538, 2.692089
t=3.032000, 9.890887, 19.849636, 8.605628, 3.042631, 6.209069, 2.691885
t=3.040000, 9.915228, 19.899308, 8.627163, 3.042398, 6.208602, 2.691683
t=3.048000, 9.939567, 19.948977, 8.648696, 3.042167, 6.208138, 2.691481
t=3.056000, 9.963904, 19.998642, 8.670228, 3.041936, 6.207675, 2.691281
t=3.064000, 9.988240, 20.048303, 8.691759, 3.041707, 6.207216, 2.691082
t=3.072000, 10.012574, 20.097961, 8.713287, 3.041479, 6.206758, 2.690883
t=3.080000, 10.036905, 20.147615, 8.734814, 3.041252, 6.206302, 2.690686
t=3.088000, 10.061235, 20.197266, 8.756340, 3.041027, 6.205849, 2.690489
t=3.096000, 10.085564, 20.246912, 8.777864, 3.040802, 6.205398, 2.690294
t=3.104000, 10.109890, 20.296556, 8.799386, 3.040578, 6.204949, 2.690099
t=3.112000, 10.134215, 20.346195, 8.820907, 3.040356, 6.204503, 2.689906
t=3.120000, 10.158537, 20.395831, 8.842426, 3.040135, 6.204058, 2.689713
t=3.128000, 10.182859, 20.445464, 8.863944, 3.039914, 6.203616, 2.689521
t=3.136000, 10.207178, 20.495093, 8.885460, 3.039695, 6.203176, 2.689330
t=3.144000, 10.231495, 20.544718, 8.906975, 3.039477, 6.202738, 2.689140
t=3.152000, 10.255811, 20.594340, 8.928488, 3.039260, 6.202302, 2.688952
t=3.160000, 10.280125, 20.643958, 8.949999, 3.039044, 6.201868, 2.688763
t=3.168000, 10.304438, 20.693573, 8.971509, 3.038829, 6.201437, 2.688576
t=3.176000, 10.328748, 20.743185, 8.993018, 3.038615, 6.201007, 2.688390
t=3.184000, 10.353057, 20.792793, 9.014525, 3.038402, 6.200579, 2.688205
t=3.192000, 10.377364, 20.842397, 9.036031, 3.038190, 6.200154, 2.688020
t=3.200000, 10.401670, 20.891999, 9.057535, 3.037979, 6.199730, 2.687836
t=3.208000, 10.425974, 20.941597, 9.079038, 3.037769, 6.199309, 2.687654
t=3.216000, 10.450276, 20.991191, 9.100539, 3.037561, 6.198889, 2.687472
t=3.224000, 10.474576, 21.040782, 9.122039, 3.037353, 6.198472, 2.687291
t=3.232000, 10.498875, 21.090370, 9.143537, 3.037146, 6.198056, 2.687111
t=3.240000, 10.523172, 21.139954, 9.165034, 3.036940, 6.197642, 2.686931
t=3.248000, 10.547468, 21.189535, 9.186529, 3.036735, 6.197230, 2.686753
t=3.256000, 10.571762, 21.239113, 9.208023, 3.036531, 6.196821, 2.686575
t=3.264000, 10.596054, 21.288688, 9.229516, 3.036328, 6.196413, 2.686398
t=3.272000, 10.620345, 21.338259, 9.251007, 3.036126, 6.196007, 2.686222
t=3.280000, 10.644634, 21.387827, 9.272497, 3.035925, 6.195602, 2.686047
t=3.288000, 10.668921, 21.437392, 9.293985, 3.035724, 6.195200, 2.685873
t=3.296000, 10.693207, 21.486954, 9.315472, 3.035525, 6.194800, 2.685699
t=3.304000, 10.717491, 21.536512, 9.336958, 3.035327, 6.194401, 2.685526
t=3.312000, 10.741774, 21.586067, 9.358442, 3.035129, 6.194004, 2.685354
t=3.320000, 10.766055, 21.635619, 9.379925, 3.034933, 6.193609, 2.685183
t=3.328000, 10.790334, 21.685168, 9.401406, 3.034737, 6.193216, 2.685012
t=3.336000, 10.814612, 21.734714, 9.422886, 3.034542, 6.192825, 2.684843
t=3.344000, 10.838888, 21.784257, 9.444365, 3.034349, 6.192435, 2.684674
t=3.352000, 10.863163, 21.833796, 9.465843, 3.034156, 6.192047, 2.684506
t=3.360000, 10.887436, 21.883332, 9.487319, 3.033964, 6.191661, 2.684338
t=3.368000, 10.911708, 21.932866, 9.508793, 3.033772, 6.191277, 2.684172
t=3.376000, 10.935978, 21.982396, 9.530267, 3.033582, 6.190894, 2.684006
t=3.384000, 10.960247, 22.031923, 9.551739, 3.033392, 6.190514, 2.683841
t=3.392000, 10.984514, 22.081447, 9.573209, 3.033204, 6.190134, 2.683676
t=3.400000, 11.008780, 22.130968, 9.594679, 3.033016, 6.189757, 2.683513
t=3.408000, 11.033044, 22.180486, 9.616147, 3.032829, 6.189381, 2.683350
t=3.416000, 11.057307, 22.230001, 9.637614, 3.032643, 6.189007, 2.683187
t=3.424000, 11.081568, 22.279513, 9.659079, 3.032458, 6.188635, 2.683026
t=3.432000, 11.105827, 22.329022, 9.680543, 3.032273, 6.188264, 2.682865
t=3.440000, 11.130086, 22.378529, 9.702006, 3.032090, 6.187895, 2.682705
t=3.448000, 11.154342, 22.428032, 9.723468, 3.031907, 6.187527, 2.682546
t=3.456000, 11.178598, 22.477532, 9.744928, 3.031725, 6.187161, 2.682387
t=3.464000, 11.202851, 22.527029, 9.766388, 3.031544, 6.186797, 2.682229
t=3.472000, 11.227104, 22.576524, 9.787845, 3.031363, 6.186434, 2.682072
t=3.480000, 11.251355, 22.626015, 9.809302, 3.031184, 6.186073, 2.681915
t=3.488000, 11.275604, 22.675504, 9.830757, 3.031005, 6.185713, 2.681760
t=3.496000, 11.299852, 22.724989, 9.852211, 3.030827, 6.185355, 2.681604
t=3.504000, 11.324099, 22.774472, 9.873664, 3.030650, 6.184999, 2.681450
t=3.512000, 11.348344, 22.823952, 9.895116, 3.030473, 6.184644, 2.681296
t=3.520000, 11.372588, 22.873429, 9.916566, 3.030298, 6.184290, 2.681143
t=3.528000, 11.396830, 22.922904, 9.938015, 3.030123, 6.183939, 2.680990
t=3.536000, 11.421071, 22.972375, 9.959463, 3.029948, 6.183588, 2.680838
t=3.544000, 11.445311, 23.021844, 9.980910, 3.029775, 6.183239, 2.680687
t=3.552000, 11.469549, 23.071310, 10.002355, 3.029602, 6.182892, 2.680536
t=3.560000, 11.493786, 23.120773, 10.023800, 3.029430, 6.182546, 2.680386
t=3.568000, 11.518021, 23.170233, 10.045243, 3.029259, 6.182202, 2.680237
t=3.576000, 11.542255, 23.219691, 10.066685, 3.029089, 6.181859, 2.680088
t=3.584000, 11.566488, 23.269146, 10.088125, 3.028919, 6.181517, 2.679940
t=3.592000, 11.590719, 23.318598, 10.109565, 3.028750, 6.181177, 2.679793
t=3.600000, 11.614949, 23.368047, 10.131003, 3.028582, 6.180839, 2.679646
t=3.608000, 11.639178, 23.417494, 10.152440, 3.028414, 6.180502, 2.679500
t=3.616000, 11.663405, 23.466938, 10.173876, 3.028247, 6.180166, 2.679354
t=3.624000, 11.687631, 23.516379, 10.195311, 3.028081, 6.179831, 2.679210
t=3.632000, 11.711856, 23.565818, 10.216745, 3.027916, 6.179499, 2.679065
t=3.640000, 11.736079, 23.615254, 10.238177, 3.027751, 6.179167, 2.678921
t=3.648000, 11.760301, 23.664687, 10.259609, 3.027587, 6.178837, 2.678778
t=3.656000, 11.784522, 23.714118, 10.281039, 3.027423, 6.178508, 2.678636
t=3.664000, 11.808741, 23.763546, 10.302468, 3.027261, 6.178181, 2.678494
t=3.672000, 11.832959, 23.812972, 10.323896, 3.027099, 6.177855, 2.678352
t=3.680000, 11.857176, 23.862394, 10.345323, 3.026937, 6.177530, 2.678212
t=3.688000, 11.881392, 23.911815, 10.366749, 3.026777, 6.177206, 2.678071
t=3.696000, 11.905606, 23.961232, 10.388173, 3.026617, 6.176884, 2.677932
t=3.704000, 11.929819, 24.010647, 10.409597, 3.026457, 6.176564, 2.677793
t=3.712000, 11.954030, 24.060060, 10.431019, 3.026299, 6.176244, 2.677654
t=3.720000, 11.978241, 24.109470, 10.452440, 3.026141, 6.175926, 2.677516
t=3.728000, 12.002450, 24.158877, 10.473860, 3.025983, 6.175609, 2.677379
t=3.736000, 12.026658, 24.208282, 10.495279, 3.025826, 6.175294, 2.677242
t=3.744000, 12.050864, 24.257684, 10.516697, 3.025670, 6.174980, 2.677106
t=3.752000, 12.075070, 24.307084, 10.538114, 3.025515, 6.174667, 2.676970
t=3.760000, 12.099274, 24.356482, 10.559530, 3.025360, 6.174355, 2.676835
t=3.768000, 12.123477, 24.405876, 10.580945, 3.025206, 6.174045, 2.676701
t=3.776000, 12.147678, 24.455269, 10.602358, 3.025052, 6.173736, 2.676567
t=3.784000, 12.171879, 24.504659, 10.623771, 3.024899, 6.173428, 2.676433
t=3.792000, 12.196078, 24.554046, 10.645182, 3.024747, 6.173121, 2.676300
t=3.800000, 12.220276, 24.603431, 10.666593, 3.024595, 6.172815, 2.676168
t=3.808000, 12.244473, 24.652814, 10.688002, 3.024444, 6.172511, 2.676036
t=3.816000, 12.268668, 24.702194, 10.709410, 3.024294, 6.172208, 2.675905
t=3.824000, 12.292863, 24.751571, 10.730817, 3.024144, 6.171906, 2.675774
t=3.832000, 12.317056, 24.800947, 10.752224, 3.023994, 6.171606, 2.675643
t=3.840000, 12.341248, 24.850319, 10.773629, 3.023846, 6.171306, 2.675514
t=3.848000, 12.365439, 24.899690, 10.795033, 3.023698, 6.171008, 2.675384
t=3.856000, 12.389628, 24.949058, 10.816436, 3.023550, 6.170711, 2.675255
t=3.864000, 12.413817, 24.998424, 10.837838, 3.023403, 6.170415, 2.675127
t=3.872000, 12.438004, 25.047787, 10.859239, 3.023257, 6.170120, 2.674999
t=3.880000, 12.462190, 25.097148, 10.880639, 3.023111, 6.169827, 2.674872
t=3.888000, 12.486375, 25.146507, 10.902038, 3.022966, 6.169535, 2.674745
t=3.896000, 12.510558, 25.195863, 10.923436, 3.022821, 6.169243, 2.674619
t=3.904000, 12.534741, 25.245217, 10.944833, 3.022677, 6.168953, 2.674493
t=3.912000, 12.558922, 25.294568, 10.966229, 3.022534, 6.168664, 2.674368
t=3.920000, 12.583103, 25.343918, 10.987624, 3.022391, 6.168376, 2.674243
t=3.928000, 12.607282, 25.393265, 11.009018, 3.022248, 6.168089, 2.674119
t=3.936000, 12.631460, 25.442609, 11.030411, 3.022107, 6.167804, 2.673995
t=3.944000, 12.655637, 25.491952, 11.051803, 3.021965, 6.167519, 2.673872
t=3.952000, 12.679812, 25.541292, 11.073194, 3.021825, 6.167236, 2.673749
t=3.960000, 12.703987, 25.590630, 11.094584, 3.021684, 6.166954, 2.673626
t=3.968000, 12.728160, 25.639966, 11.115973, 3.021545, 6.166672, 2.673504
t=3.976000, 12.752333, 25.689299, 11.137361, 3.021406, 6.166392, 2.673383
t=3.984000, 12.776504, 25.738630, 11.158748, 3.021267, 6.166113, 2.673262
t=3.992000, 12.800674, 25.787959, 11.180134, 3.021129, 6.165835, 2.673141
t=4.000000, 12.824843, 25.837286, 11.201519, 3.020992, 6.165558, 2.673021
t=4.008000, 12.849011, 25.886610, 11.222903, 3.020855, 6.165282, 2.672902
t=4.016000, 12.873178, 25.935932, 11.244286, 3.020718, 6.165007, 2.672783
t=4.024000, 12.897344, 25.985252, 11.265669, 3.020582, 6.164733, 2.672664
t=4.032000, 12.921508, 26.034570, 11.287050, 3.020447, 6.164460, 2.672546
t=4.040000, 12.945672, 26.083886, 11.308430, 3.020312, 6.164189, 2.672428
t=4.048000, 12.969834, 26.133200, 11.329810, 3.020178, 6.163918, 2.672310
t=4.056000, 12.993996, 26.182511, 11.351188, 3.020044, 6.163648, 2.672193
t=4.064000, 13.018156, 26.231820, 11.372566, 3.019910, 6.163379, 2.672077
t=4.072000, 13.042316, 26.281127, 11.393942, 3.019778, 6.163112, 2.671961
t=4.080000, 13.066474, 26.330432, 11.415318, 3.019645, 6.162845, 2.671845
t=4.088000, 13.090631, 26.379735, 11.436693, 3.019513, 6.162579, 2.671730
t=4.096000, 13.114787, 26.429035, 11.458067, 3.019382, 6.162315, 2.671615
t=4.104000, 13.138942, 26.478334, 11.479440, 3.019251, 6.162051, 2.671501
t=4.112000, 13.163096, 26.527630, 11.500812, 3.019121, 6.161788, 2.671387
t=4.120000, 13.187249, 26.576925, 11.522183, 3.018991, 6.161526, 2.671273
t=4.128000, 13.211401, 26.626217, 11.543553, 3.018861, 6.161265, 2.671160
t=4.136000, 13.235552, 26.675507, 11.564922, 3.018733, 6.161006, 2.671048
t=4.144000, 13.259702, 26.724795, 11.586291, 3.018604, 6.160747, 2.670935
t=4.152000, 13.283851, 26.774081, 11.607658, 3.018476, 6.160489, 2.670824
t=4.160000, 13.307998, 26.823365, 11.629025, 3.018349, 6.160232, 2.670712
t=4.168000, 13.332145, 26.872647, 11.650390, 3.018222, 6.159976, 2.670601
t=4.176000, 13.356291, 26.921927, 11.671755, 3.018095, 6.159721, 2.670491
t=4.184000, 13.380436, 26.971204, 11.693119, 3.017969, 6.159466, 2.670380
t=4.192000, 13.404579, 27.020480, 11.714482, 3.017843, 6.159213, 2.670271
t=4.200000, 13.428722, 27.069754, 11.735844, 3.017718, 6.158961, 2.670161
t=4.208000, 13.452864, 27.119025, 11.757206, 3.017593, 6.158709, 2.670052
t=4.216000, 13.477005, 27.168295, 11.778566, 3.017469, 6.158459, 2.669944
t=4.224000, 13.501144, 27.217563, 11.799926, 3.017345, 6.158209, 2.669835
t=4.232000, 13.525283, 27.266828, 11.821284, 3.017222, 6.157960, 2.669728
t=4.240000, 13.549421, 27.316092, 11.842642, 3.017099, 6.157713, 2.669620
t=4.248000, 13.573558, 27.365354, 11.863999, 3.016976, 6.157466, 2.669513
t=4.256000, 13.597694, 27.414614, 11.885355, 3.016854, 6.157220, 2.669406
t=4.264000, 13.621828, 27.463871, 11.906710, 3.016733, 6.156974, 2.669300
t=4.272000, 13.645962, 27.513127, 11.928065, 3.016612, 6.156730, 2.669194
t=4.280000, 13.670095, 27.562381, 11.949418, 3.016491, 6.156487, 2.669089
t=4.288000, 13.694227, 27.611633, 11.970771, 3.016371, 6.156244, 2.668983
t=4.296000, 13.718358, 27.660883, 11.992123, 3.016251, 6.156003, 2.668879
t=4.304000, 13.742488, 27.710131, 12.013474, 3.016131, 6.155762, 2.668774
t=4.312000, 13.766617, 27.759377, 12.034824, 3.016012, 6.155522, 2.668670
t=4.320000, 13.790745, 27.808621, 12.056173, 3.015894, 6.155283, 2.668567
t=4.328000, 13.814872, 27.857863, 12.077522, 3.015776, 6.155044, 2.668463
t=4.336000, 13.838999, 27.907104, 12.098870, 3.015658, 6.154807, 2.668360
t=4.344000, 13.863124, 27.956342, 12.120217, 3.015540, 6.154570, 2.668258
t=4.352000, 13.887248, 28.005579, 12.141563, 3.015424, 6.154335, 2.668156
t=4.360000, 13.911372, 28.054813, 12.162908, 3.015307, 6.154100, 2.668054
t=4.368000, 13.935494, 28.104046, 12.184252, 3.015191, 6.153865, 2.667952
t=4.376000, 13.959616, 28.153277, 12.205596, 3.015075, 6.153632, 2.667851
t=4.384000, 13.983736, 28.202506, 12.226939, 3.014960, 6.153400, 2.667750
t=4.392000, 14.007856, 28.251733, 12.248281, 3.014845, 6.153168, 2.667650
t=4.400000, 14.031975, 28.300959, 12.269622, 3.014731, 6.152937, 2.667550
t=4.408000, 14.056092, 28.350182, 12.290962, 3.014617, 6.152707, 2.667450
t=4.416000, 14.080209, 28.399404, 12.312302, 3.014503, 6.152478, 2.667351
t=4.424000, 14.104325, 28.448624, 12.333641, 3.014390, 6.152249, 2.667252
t=4.432000, 14.128440, 28.497842, 12.354979, 3.014277, 6.152022, 2.667153
t=4.440000, 14.152555, 28.547058, 12.376316, 3.014164, 6.151795, 2.667054
t=4.448000, 14.176668, 28.596272, 12.397652, 3.014052, 6.151568, 2.666956
t=4.456000, 14.200780, 28.645485, 12.418988, 3.013940, 6.151343, 2.666859
t=4.464000, 14.224892, 28.694695, 12.440323, 3.013829, 6.151119, 2.666761
t=4.472000, 14.249003, 28.743904, 12.461657, 3.013718, 6.150895, 2.666664
t=4.480000, 14.273112, 28.793112, 12.482990, 3.013608, 6.150672, 2.666568
t=4.488000, 14.297221, 28.842317, 12.504323, 3.013497, 6.150449, 2.666471
t=4.496000, 14.321329, 28.891521, 12.525655, 3.013388, 6.150228, 2.666375
t=4.504000, 14.345436, 28.940722, 12.546986, 3.013278, 6.150007, 2.666279
t=4.512000, 14.369542, 28.989922, 12.568316, 3.013169, 6.149787, 2.666184
t=4.520000, 14.393648, 29.039121, 12.589645, 3.013060, 6.149568, 2.666089
t=4.528000, 14.417752, 29.088317, 12.610974, 3.012952, 6.149349, 2.665994
t=4.536000, 14.441856, 29.137512, 12.632302, 3.012844, 6.149131, 2.665900
t=4.544000, 14.465959, 29.186705, 12.653629, 3.012736, 6.148914, 2.665806
t=4.552000, 14.490061, 29.235896, 12.674956, 3.012629, 6.148698, 2.665712
t=4.560000, 14.514162, 29.285086, 12.696281, 3.012522, 6.148482, 2.665618
t=4.568000, 14.538262, 29.334274, 12.717606, 3.012416, 6.148267, 2.665525
t=4.576000, 14.562361, 29.383460, 12.738931, 3.012310, 6.148053, 2.665432
t=4.584000, 14.586460, 29.432644, 12.760254, 3.012204, 6.147840, 2.665340
t=4.592000, 14.610557, 29.481827, 12.781577, 3.012098, 6.147627, 2.665248
t=4.600000, 14.634654, 29.531008, 12.802899, 3.011993, 6.147415, 2.665156
t=4.608000, 14.658750, 29.580187, 12.824220, 3.011889, 6.147204, 2.665064
t=4.616000, 14.682845, 29.629365, 12.845540, 3.011784, 6.146993, 2.664973
t=4.624000, 14.706939, 29.678541, 12.866860, 3.011680, 6.146783, 2.664882
t=4.632000, 14.731033, 29.727715, 12.888179, 3.011577, 6.146574, 2.664791
t=4.640000, 14.755125, 29.776888, 12.909498, 3.011473, 6.146365, 2.664701
t=4.648000, 14.779217, 29.826059, 12.930815, 3.011370, 6.146157, 2.664610
t=4.656000, 14.803308, 29.875228, 12.952132, 3.011268, 6.145950, 2.664521
t=4.664000, 14.827398, 29.924396, 12.973448, 3.011165, 6.145744, 2.664431
t=4.672000, 14.851488, 29.973562, 12.994764, 3.011063, 6.145538, 2.664342
t=4.680000, 14.875576, 30.022726, 13.016078, 3.010962, 6.145333, 2.664253
t=4.688000, 14.899664, 30.071889, 13.037392, 3.010860, 6.145128, 2.664164
t=4.696000, 14.923751, 30.121050, 13.058706, 3.010759, 6.144924, 2.664076
t=4.704000, 14.947837, 30.170209, 13.080018, 3.010659, 6.144721, 2.663988
t=4.712000, 14.971922, 30.219367, 13.101330, 3.010558, 6.144519, 2.663900
t=4.720000, 14.996007, 30.268523, 13.122641, 3.010458, 6.144317, 2.663812
t=4.728000, 15.020090, 30.317677, 13.143952, 3.010359, 6.144115, 2.663725
t=4.736000, 15.044173, 30.366830, 13.165262, 3.010259, 6.143915, 2.663638
t=4.744000, 15.068255, 30.415982, 13.186571, 3.010160, 6.143715, 2.663552
t=4.752000, 15.092336, 30.465131, 13.207879, 3.010061, 6.143516, 2.663465
t=4.760000, 15.116417, 30.514280, 13.229187, 3.009963, 6.143317, 2.663379
t=4.768000, 15.140497, 30.563426, 13.250494, 3.009865, 6.143119, 2.663293
t=4.776000, 15.164576, 30.612571, 13.271800, 3.009767, 6.142922, 2.663208
t=4.784000, 15.188654, 30.661714, 13.293106, 3.009670, 6.142725, 2.663122
t=4.792000, 15.212731, 30.710856, 13.314411, 3.009573, 6.142529, 2.663037
t=4.800000, 15.236808, 30.759996, 13.335715, 3.009476, 6.142334, 2.662953
t=4.808000, 15.260883, 30.809135, 13.357019, 3.009379, 6.142139, 2.662868
t=4.816000, 15.284958, 30.858272, 13.378322, 3.009283, 6.141945, 2.662784
t=4.824000, 15.309033, 30.907408, 13.399624, 3.009187, 6.141751, 2.662700
t=4.832000, 15.333106, 30.956542, 13.420926, 3.009092, 6.141558, 2.662616
t=4.840000, 15.357179, 31.005674, 13.442227, 3.008996, 6.141366, 2.662533
t=4.848000, 15.381251, 31.054805, 13.463527, 3.008901, 6.141174, 2.662450
t=4.856000, 15.405322, 31.103935, 13.484827, 3.008807, 6.140983, 2.662367
t=4.864000, 15.429393, 31.153062, 13.506125, 3.008712, 6.140792, 2.662284
t=4.872000, 15.453462, 31.202189, 13.527424, 3.008618, 6.140602, 2.662202
t=4.880000, 15.477531, 31.251314, 13.548721, 3.008525, 6.140413, 2.662120
t=4.888000, 15.501599, 31.300437, 13.570018, 3.008431, 6.140224, 2.662038
t=4.896000, 15.525667, 31.349559, 13.591315, 3.008338, 6.140036, 2.661957
t=4.904000, 15.549734, 31.398679, 13.612610, 3.008245, 6.139848, 2.661875
t=4.912000, 15.573800, 31.447798, 13.633905, 3.008152, 6.139661, 2.661794
t=4.920000, 15.597865, 31.496915, 13.655200, 3.008060, 6.139475, 2.661713
t=4.928000, 15.621929, 31.546031, 13.676493, 3.007968, 6.139289, 2.661633
t=4.936000, 15.645993, 31.595145, 13.697786, 3.007876, 6.139104, 2.661552
t=4.944000, 15.670056, 31.644258, 13.719079, 3.007785, 6.138919, 2.661472
t=4.952000, 15.694118, 31.693369, 13.740371, 3.007694, 6.138735, 2.661393
t=4.960000, 15.718180, 31.742479, 13.761662, 3.007603, 6.138552, 2.661313
t=4.968000, 15.742241, 31.791588, 13.782952, 3.007512, 6.138369, 2.661234
t=4.976000, 15.766301, 31.840695, 13.804242, 3.007422, 6.138186, 2.661155
t=4.984000, 15.790360, 31.889800, 13.825531, 3.007332, 6.138004, 2.661076
t=4.992000, 15.814419, 31.938904, 13.846820, 3.007242, 6.137823, 2.660997
