3.649743286889569616e-01 7.827851260847168424e-01
6.675447140618668840e-01 3.836625371340087742e-01
4.485672138921831253e-01 9.087453924138008121e-01
8.168172074683222039e-02 2.947615417048136122e-01
9.289041792064497427e-01 7.232324563812402296e-01
7.131289282637859328e-01 1.803919551493697870e-01
2.791914965794409786e-01 3.813532278150810750e-02
8.526209914397200329e-01 8.216081059263145026e-01
3.290468854673764820e-01 4.023330688351872686e-01
7.200606572694756569e-02 2.726952835206603032e-01
4.287194987298785787e-01 3.842707841471054708e-01
2.653261254497327748e-01 6.548920060802089216e-01
4.441106359136322013e-01 8.018445947816134067e-01
2.319648366090175662e-01 2.180113192387429510e-01
2.587815866926429509e-01 7.121585877586783520e-01
1.750507431265893032e-01 5.912199296803547499e-01
8.884605008459947051e-01 3.810764051779964579e-01
4.125268660597869452e-02 6.411530762161183894e-01
4.107053988789507448e-01 2.585694611412791000e-01
6.878369167071934909e-01 9.117261325194999655e-01
7.010451989159771635e-02 2.882686518052320901e-01
5.449970380414744797e-01 9.430199232986283819e-01
2.862811989000796364e-01 6.010245936931726263e-01
5.879351600646753884e-02 6.767524522422195821e-01
8.489638943277242333e-01 4.148824819394950625e-01
3.816945565292780840e-01 2.789049146627475828e-01
7.002889458334535799e-01 9.163983602543065432e-01
6.123668791427040459e-01 3.700859621826503298e-01
4.229003320042288294e-01 2.169999365865102892e-01
3.433808901131885083e-02 3.296868684440211750e-01
5.555929027405240861e-01 3.622003209176242189e-01
7.848780269795834208e-01 8.828661367982124641e-01
4.028317988389074067e-02 5.241533787616520224e-01
3.980897163057239840e-01 7.775724052333556902e-01
6.659372080761932766e-01 6.718289031110848963e-01
5.398330574597248743e-01 5.488624717249417362e-01
6.437656139504231989e-01 2.055114412822954817e-01
7.049431871349635115e-01 6.582209940763744660e-01
8.381044031621528445e-01 1.020809101701247723e-01
9.887077893174044396e-01 3.074520402446542233e-01
9.664688986919387492e-01 5.259070932071753246e-01
8.298797184764721280e-01 8.896288792664601708e-01
2.310002715129603201e-01 4.578137329539277989e-02
6.335044745719544679e-01 2.778930737203521018e-01
6.593429515939480678e-01 7.377318526493141793e-01
2.348122413956688082e-01 6.551843983980077946e-01
3.973384308490892636e-01 9.582682560587290066e-01
3.062864412473436104e-01 8.472289514277904221e-01
6.639558163841239313e-01 2.050841585926174160e-01
9.159242278508187285e-01 2.994412018662623298e-01
8.935934749941126798e-01 3.256840515529842994e-01
4.896101194668113221e-01 3.160620100092048634e-01
9.487677079272083258e-01 7.700729843613234316e-01
4.241746894089781783e-01 8.690520227925708774e-01
4.515595307809315839e-01 7.603033632161938504e-01
2.727769847467256259e-01 4.705494271041228416e-01
7.287007782377454834e-01 2.504190814950558730e-01
4.187134231363109915e-02 4.299609545462823590e-01
4.387897696904731193e-01 4.165016380652452055e-01
2.449985445429331277e-01 6.705441506211937686e-01
6.259493858118038156e-01 1.209197299363765632e-01
4.136202422954349256e-01 8.479870268854531323e-01
9.078581304836175203e-01 3.901635364141786688e-01
2.227985842380523218e-01 8.199504719024719446e-02
7.534570838903124068e-01 4.589485090548962587e-01
5.047990911389971247e-01 6.204941942958854817e-01
9.139395538682681952e-02 2.239326166520113626e-01
3.305528782875996052e-01 2.711988491447645533e-01
1.083464368938196198e-01 1.837984279516846620e-02
6.260336852097476701e-01 3.950205602335540300e-01
3.689509009948563900e-01 3.511564775940201333e-02
5.985622405876921404e-01 9.162417278514999319e-01
2.639300449818581251e-01 2.951153879579619943e-01
9.405439574496766708e-01 8.319535827932034167e-02
4.879197709851785802e-01 8.165334391570213679e-01
1.448302198587116951e-01 6.908130990067327115e-01
2.187372682470338781e-01 7.344910901534544845e-01
5.644621169179412368e-01 8.653544979836012008e-01
8.043809044698999600e-01 7.975864901953663155e-01
8.694499980779433201e-01 9.436040939286497453e-01
6.433724253019097450e-01 2.659703924954059939e-02
9.515267371973830102e-01 1.730886791406914815e-01
6.613881309916035400e-01 5.518279329543093192e-01
1.716236249786231571e-01 6.071858600260425787e-01
5.671005431385500728e-01 3.061392355820961031e-01
1.249573695451143829e-01 2.770744244489933283e-01
4.023489692431715392e-01 9.271461605055145716e-01
4.497721883075721516e-01 7.770506514959263367e-01
4.807175659747895402e-01 7.923400718115626296e-01
1.051467816748399287e-01 8.358452190564141793e-01
5.802779726786014836e-01 5.521294191688641551e-01
1.308222986665524834e-01 1.593460222619550448e-01
7.364260267121471859e-01 4.241792172868400490e-01
3.271594385152596374e-01 6.439997273610380546e-01
7.986561937788330123e-01 3.125729554404761412e-01
9.932435347467787334e-01 9.957783069404672061e-01
1.611409017711469271e-01 1.207117023952510859e-01
5.883723158101340500e-01 7.432183225230014623e-01
2.738341411440079476e-01 7.633630411608501865e-01
4.223213516605722750e-01 4.205959068871049089e-01
6.636901720055143894e-02 4.480677400170151037e-01
9.432369172521475331e-01 6.086167345585158373e-01
2.897537462001616992e-01 3.870057144652249148e-01
4.170134941241269155e-01 4.109365069667268999e-01
3.750312017856427538e-01 9.043274932337137528e-01
1.323184007373218174e-01 9.332109939714292590e-01
8.458195356142672594e-02 4.392708792376602833e-01
5.593755459942597597e-01 6.756445773677565159e-01
5.068072391701590185e-01 3.870228485520854633e-02
1.153742465078765322e-01 6.955956630344221070e-01
5.279140476516905878e-01 4.318370115949059507e-01
3.420442016429441345e-01 5.677085806478965324e-02
9.392229613094198459e-01 4.595450783570766973e-01
1.502512949816492416e-02 9.316762161820140165e-01
5.058666102605720027e-01 4.510903262409070580e-01
1.674358398179118801e-01 6.530975130177502086e-01
8.888354291730075074e-01 1.127994922559544255e-01
8.413452487974327765e-01 4.862152639721417646e-02
8.964515106174869574e-01 9.248797121277582134e-01
4.816486820110021938e-01 8.246558598066222601e-03
3.095020802280408212e-01 2.529541042425617059e-01
8.492150989180567988e-01 7.218971128852440522e-01
8.873578651340399137e-01 5.075205768928356953e-01
9.595724042027964362e-01 2.187601315646999778e-01
6.371707653113697356e-01 6.463859829469131846e-01
2.800252736867773207e-01 6.105643848154248543e-01
1.028361216628308483e-01 6.665231503962376625e-02
6.587908935842118341e-01 6.426702737222770301e-01
9.488515124670192646e-01 7.469684974573533864e-01
3.718581976356492014e-01 4.612330353564368934e-01
4.703673178307724578e-01 1.953003911378419222e-01
4.534135677696722322e-01 4.875549086494084250e-01
8.733614536534983763e-02 5.278892458261805753e-01
5.299407216347646887e-01 3.706636817920337945e-01
1.297100471539618383e-01 2.888479727726059876e-01
9.677288111176030050e-01 8.782449158905476505e-01
7.393421449010928459e-02 6.073090597645743882e-01
1.755598812076094584e-01 7.146069336644592651e-01
5.208667645392456302e-01 3.982236379834540596e-01
7.602864249949725650e-02 4.408724570853775893e-01
8.370633248893261102e-01 8.076661827930997628e-01
8.307959981372241565e-01 7.939262595162264180e-01
2.795748724491475823e-02 2.720843847940568327e-02
9.529129786903151045e-01 6.409156392143972036e-01
3.691147427497520894e-02 7.970366202892166241e-01
6.563149094027934671e-01 4.633517289773030345e-01
5.619411572975475666e-01 9.948532333327830823e-01
3.342475818491806860e-01 4.451969352562353821e-01
7.250619108967263360e-01 6.252033945955466354e-01
3.753287978606993924e-01 3.936684597495756499e-01
8.142816811011327482e-01 7.924184336336129730e-01
4.506341154100056423e-01 1.781920690222855708e-01
9.693930199346544319e-01 2.906169835750671560e-02
4.160380411980216797e-01 2.053480366828707160e-01
5.707183690130422926e-01 8.682111058889030453e-01
8.875122218728127566e-01 1.058324642776165003e-02
6.304161918101784945e-01 6.874749934682256036e-02
2.339392500739805314e-01 8.724301993754798312e-01
6.914470175701015187e-01 5.383655361463577371e-01
4.958238835574039216e-01 1.911051231647545867e-01
1.248992465170610799e-01 5.068068425187663983e-01
5.413675539512505797e-01 8.145582354525493507e-01
8.539535860170743842e-02 5.541004402578435517e-01
8.702261759400953256e-01 5.569488855781831171e-01
8.776297143617880492e-01 8.448325441915969236e-01
6.051313001761061683e-01 5.092830483963907140e-01
2.869658980465132903e-01 5.833758926995662453e-01
7.816548623391091910e-01 7.027719912669083691e-01
4.801406440499301764e-01 8.525974223158238052e-01
9.369185228246242891e-01 2.558809507461535793e-01
9.078186416521424329e-01 1.695741213556112292e-01
1.005732235847887068e-01 9.893816516850838516e-01
4.509311673441696033e-01 2.421612482319331905e-01
8.349887528335926401e-01 8.823079913952307507e-01
5.330063320587959952e-01 6.558359891125165042e-02
5.860213797029719673e-01 3.397829213664507186e-01
3.930110535599218302e-02 9.592122136738860938e-01
6.831462952044893289e-01 2.856029371005548434e-01
3.638889786070659271e-01 3.325246071979801599e-01
7.705743121089910774e-01 5.637179743656491882e-01
2.470298044980367980e-02 3.994245210980619243e-01
6.963775971978135582e-01 2.094864765587511890e-02
2.308608377532731515e-01 1.948412615535022319e-03
9.365099948378302619e-01 3.909111516094150307e-01
3.001226497088442802e-01 3.459038514235159845e-01
1.306539921937168724e-01 9.814381991660656723e-01
2.192689746681764085e-01 5.606141811874895131e-01
4.182295869780348063e-01 7.241864260702750578e-01
7.849910440709441106e-01 4.908721119534321664e-01
7.350906850289821159e-01 3.254954826684353097e-02
4.152617124411330796e-01 9.496725958732720185e-01
6.959127575054000481e-01 2.208590494196106535e-01
8.401843314209589408e-01 8.741817258854965855e-01
5.094838508829958590e-01 1.153439630360644230e-01
7.511907925607487213e-01 9.054537353854835713e-01
7.318134450721786033e-01 5.052653389100214554e-02
2.417353741639564069e-01 5.683187746296477494e-01
2.672170607539766651e-01 1.398565801438521605e-01
7.804719074997100714e-01 8.610227844866735758e-01
4.995652351728212537e-01 5.339785716584599662e-01
7.955923760981858939e-01 7.450280921922602939e-01
7.821050468915179410e-01 9.382146858320074001e-01
4.557669279665288453e-01 2.140326678504903546e-01
2.994835321703066544e-01 3.283590931437235794e-01
9.503189479389040351e-01 4.718380056649020826e-01
9.612967091231908734e-01 9.894762034182464916e-01
6.840580684124619726e-02 4.179853210681909736e-01
1.903242727313410043e-01 5.860425580189020378e-01
3.485370216480389027e-01 1.112814962412107533e-01
3.112668102793400005e-01 8.776621354581052303e-01
2.467158377719440576e-01 1.501378737776034589e-01
5.784352032503269347e-01 1.463916618184908369e-01
1.861859214194111489e-01 2.074801783821440537e-01
4.196165457590550485e-02 7.255415668611676638e-01
5.486059396644358266e-01 5.909487097026541180e-01
7.964030216717383759e-01 1.000835381559433968e-01
1.731498943320453066e-01 2.646203162367055661e-02
5.888418797132433102e-02 2.573303522416818812e-01
2.500547031213707916e-01 1.081646295715374961e-01
1.421670402852615034e-02 7.640903217622130317e-01
4.469671259612075787e-01 6.263667937970560651e-01
5.274338526445683240e-01 1.391682801882202503e-01
6.989815333105461326e-01 1.153901039080584834e-01
9.731932630310156096e-01 9.783171046556076167e-01
3.694749936811657642e-01 3.356735147499916305e-01
8.833401538206975268e-02 4.623806769309241060e-01
3.250604437550315140e-01 4.868963942450708071e-01
2.001510794738511345e-01 8.207024602946194625e-01
8.604092401030540849e-01 4.284973524208958162e-01
9.691208722443308554e-01 7.914609934498083588e-01
9.494641858769269360e-01 9.614516072502808930e-01
7.278277890633522151e-01 5.596128018583677033e-01
8.560068670634777277e-01 5.750921552686749649e-01
7.701919181560397121e-01 7.771315605933705184e-01
2.891419436886951688e-01 6.239812066040602012e-01
3.017158084329824019e-01 5.171887485649658833e-01
6.069748033012523081e-03 2.091611443036606177e-01
9.703982599911552542e-01 1.220580284239894953e-01
3.075921801202252670e-02 3.874531385421440266e-01
9.358542678538309678e-01 9.266486322336486836e-01
9.349356832842563580e-01 1.701986396422409120e-01
9.791533491055326444e-01 1.088505240440813537e-01
4.033178399226553523e-01 6.391139308977467071e-02
9.791419189112686716e-01 7.392839996108520051e-01
7.309198916693093739e-02 5.427635545508721071e-01
3.497346260789720995e-01 9.916841808183558538e-01
5.717168173807400944e-01 3.637472863523291133e-01
2.497453350926041038e-01 9.521055301958429862e-01
3.713290162586000420e-01 8.120297582476752041e-01
9.774527354439265237e-01 2.457652837624166864e-01
5.605396353083280658e-02 5.662824179270709024e-02
1.523783786791150785e-01 5.981320559199434506e-01
8.514149275415827667e-01 3.843395371277885664e-01
9.711552815967133823e-01 9.110463531107114710e-01
8.349360831917376213e-01 4.575791317768612698e-01
1.743069881583160230e-01 4.455363900909480313e-01
6.517219525197704977e-01 8.704036815608658939e-01
8.916758210351151126e-01 3.655249567676455147e-02
8.148859497572743527e-01 5.809438332426355434e-01
5.536492621074444731e-01 7.487049437160806509e-01
4.795145677541686746e-01 2.670672697718468047e-02
1.328748594725324139e-01 4.430806484968242698e-01
8.478037781377921744e-01 5.654241651983761274e-01
9.443750256088526696e-01 5.492292929611896080e-01
2.319831851494575936e-01 7.732954250726831180e-02
3.239708050744491974e-01 5.755965689442971156e-01
7.039757416463010564e-02 6.712957977369765628e-01
2.779317679462861568e-01 4.235979257493118766e-01
2.586689470552359094e-01 4.025207995791819648e-01
4.006073499998286103e-02 2.992985477233145453e-01
5.008199983234198349e-01 9.315744827610611400e-01
2.573113370640165432e-01 5.309971213378438248e-01
5.525512523308833135e-01 6.043991259958192419e-01
7.176889189974704486e-01 7.412717891805100656e-01
2.606517083886950026e-01 4.370458931520175838e-01
4.909108711986936990e-01 6.159385068952402120e-01
8.486420822277777054e-01 6.852447180535869986e-01
9.932816095256647992e-01 9.481453702992360677e-01
8.253120474161815823e-01 5.369247123187508297e-01
8.743594993042820285e-01 4.378716262393910208e-01
9.702815579939094714e-01 7.051216172668920423e-01
6.374998855953184496e-01 9.495177122578687401e-01
1.402534704716380531e-01 2.523159856403054402e-01
2.446721349495215581e-01 3.226266926303898996e-01
9.901568001318047374e-01 6.144591742918243948e-01
6.258219228442107873e-02 9.806228233776866920e-01
9.124601322440272222e-01 4.489111686766233955e-02
6.419724594608912094e-01 3.716235131393136326e-01
4.247392787587699337e-01 4.857899739037894182e-01
4.789889722044421427e-01 8.852585721819872244e-01
4.342351639625005033e-01 4.169571028327431206e-01
6.878444277609812030e-01 9.657356733612808553e-01
1.874708621517562346e-02 7.375585380929423618e-01
4.885961200986654873e-02 6.110039008527090587e-02
6.347676165783523450e-01 4.818382398980197712e-01
6.286396304826985526e-01 8.610607552066745773e-01
7.075461180563673569e-01 4.470456653240328926e-02
1.628164506966851555e-01 9.381302168522661633e-01
2.949938045353691640e-01 8.627467518159940285e-01
4.158151188900625073e-01 7.302343483086792819e-02
1.818147702282921774e-01 7.603515663752007381e-01
9.413347376699736646e-01 3.816094344838314445e-01
6.356808518407661701e-01 6.283444750648606858e-01
4.705919711382100523e-01 1.498250748103840957e-01
6.985003139208382228e-01 3.842894481436482934e-01
8.481716165865479384e-01 2.780828619651254385e-01
5.906277368390954186e-01 3.806290169313221172e-01
7.581114750585359330e-01 6.391452510862632996e-01
2.248192206182735298e-01 8.660859370405155078e-01
5.364024674442501306e-01 2.052456139126258572e-01
8.949091533208806126e-01 4.852771579273225111e-01
1.270480150950880072e-01 1.805393228120293347e-01
9.665284840840737690e-01 1.404501586432229665e-01
2.304741758107377025e-01 4.438557583020510400e-01
6.982464029698276509e-01 6.903036311014749682e-01
1.482222957111830608e-01 7.932192902755574870e-02
4.791333271326294607e-01 6.945915752756879336e-01
9.572979436338213688e-02 1.586874836155144353e-01
3.657932789990597788e-01 3.299788677496557909e-01
4.842862082800223344e-01 9.718504161342155223e-01
6.050974563505640003e-01 9.979292905661071300e-01
6.783641119844893153e-01 4.860780263176680549e-01
1.606864898388349339e-02 2.717124273805727741e-01
9.739395042556664439e-02 9.477019662455720139e-01
7.437250985194081565e-01 9.136104904533207671e-01
5.918644055804048731e-01 4.497811854547663080e-01
2.699518137693953657e-01 6.170300070702410267e-01
3.151556848176604309e-01 1.601167147675552904e-03
7.388679739367800536e-01 1.785296785240526596e-01
2.051916786357504963e-01 7.949683627634203109e-01
1.426857974918294136e-01 9.625316612915868486e-01
1.070417842713297096e-01 9.296922279358161845e-01
9.641990070787612721e-01 1.575847278065394264e-01
4.129401804676069432e-02 6.794497959521643704e-01
1.104123738848081793e-01 8.154134683869858069e-01
6.348427341586443395e-01 4.568962795194146942e-01
4.338543077132795966e-01 4.528948467377590381e-01
8.717387629575393815e-01 7.751438981021703256e-01
4.400009982612363979e-01 6.450702879621013075e-01
1.054458517203596957e-01 1.943616302151131014e-01
8.076857368201234566e-01 9.549069394741201977e-01
6.984116084459962570e-01 1.141613067369838808e-01
3.072806919525128411e-01 8.443996098045968290e-01
5.555230476004657802e-02 5.206695829925056529e-03
9.259157132742441565e-01 7.530664391744172903e-01
2.731772076313971898e-01 9.777324092477142070e-01
3.442126846621523795e-01 5.202989150386340134e-01
1.361515683080998240e-01 8.893251849464315351e-01
6.103163055267901704e-01 1.483320917410992923e-01
1.540798936343371617e-01 1.154516683477868622e-01
2.759685498831916384e-01 4.944825744131243761e-01
2.139453773754229626e-01 1.235464445494118824e-01
1.355977862875022977e-01 8.169686740678980819e-01
6.421804571521082527e-01 8.645579192544360358e-01
4.536359772030128523e-01 5.245835909924070339e-01
8.294987751430659140e-01 7.590862365752870655e-01
8.779713027892757093e-01 4.272252756310568333e-02
1.888651458063737021e-01 5.039964984299650785e-01
3.812657262033704031e-01 6.075992637522331652e-01
2.673449789704661628e-01 7.117987286654214873e-01
4.117385601016804175e-01 6.591573900544892561e-01
9.432241394966401904e-01 8.266005656563089055e-01
2.119357963307801906e-01 7.874040265802478844e-01
1.326403354973634263e-01 6.296568730509056744e-01
2.679681811341029229e-01 5.043938168156343327e-01
2.399703832551740579e-01 1.161253924124215908e-01
9.945382766389434526e-01 5.317407234877188360e-01
3.010063483095183345e-01 2.908071455636596081e-02
4.796735545903947351e-01 7.443451015551871830e-02
5.147830389098111414e-01 4.532578388794185065e-01
8.601646660929392896e-01 9.242125219922329160e-01
1.497724689618564753e-01 2.483287226501426082e-01
6.243351426459960996e-01 4.192318743589129593e-01
8.632937292821707409e-02 1.812001443425058644e-01
1.261544198763430158e-01 6.443586083411164678e-01
9.682287417760812032e-01 6.003128266577001382e-01
3.558579189616152272e-01 3.633623961920983136e-01
8.389887241309902377e-01 4.248427590910633933e-01
9.848520832235349021e-01 9.326795668334589839e-01
1.561513826156063489e-01 1.291836342444150354e-01
2.524838741070062342e-01 3.058882478645790215e-01
4.184175723993652785e-01 7.334361227081853674e-02
2.494487116338586219e-01 2.569353473006230626e-02
6.127665132282164029e-01 1.425059285840282186e-01
1.033477307993087013e-01 7.291952303673747693e-01
7.681531497729641167e-01 3.710655580664783404e-01
1.048450391869569787e-01 8.442433952524489582e-01
7.314727160030571884e-01 5.842574841120727891e-01
8.933095811485232129e-01 3.135232863078076804e-01
6.874398370945390413e-01 1.287771982522623038e-01
9.504800740672953996e-01 2.895001750605459279e-01
1.757783790327414053e-01 3.647130291689388848e-01
6.255579640378723383e-01 8.832949126025346764e-01
7.443142739530710372e-01 1.788985453026666894e-01
4.482226805090523403e-01 9.628200956401352650e-01
2.838662277591145200e-01 4.745332861089945897e-02
3.688313436153844993e-01 6.967109826530886174e-01
8.276292333018576697e-01 7.105210828506912657e-01
3.792799766592807043e-01 1.869926828813834874e-01
6.989516435541826000e-01 8.702687218431448546e-01
7.804533243144169408e-01 6.857281260328812467e-01
6.893310094394049514e-01 6.392851830391892420e-01
5.544913596209111173e-02 6.771883875207851400e-02
3.794527699750049887e-01 8.377715128858274074e-01
4.011431293045231161e-02 6.261277767414119566e-02
4.977896528322141023e-01 9.466097785339653292e-01
2.762573790760454173e-01 7.910414021686411612e-01
6.867003655840852039e-01 3.177631720360614143e-01
5.086866281168904713e-01 7.470632910950860683e-01
9.703096133376420962e-02 2.566714330937224231e-01
6.262294055500650103e-01 1.685921707128755775e-01
4.590586275474819455e-01 1.777279796695169223e-01
9.572650898013911336e-01 2.566064244575214648e-01
3.412908962053006201e-01 5.982014410385341208e-01
8.955991189770595717e-01 2.849611825978954904e-01
2.366684546564554736e-01 8.241623074586365005e-01
8.493732513422517227e-01 8.117691301857937747e-01
6.674725811242867568e-01 6.362437271459115973e-01
8.560989728649605057e-01 4.528246960627790862e-02
8.125604744946849367e-01 7.314176687396941601e-01
9.893096977344650877e-02 4.107216033793779086e-01
7.564034791913414324e-01 8.501648804825771011e-01
4.574676510308512967e-01 4.520213138150974697e-02
8.688559946678588997e-01 5.490177644840640303e-01
5.685535103128588341e-01 5.729888764434730719e-01
1.040236485910283060e-01 1.401922248745282040e-01
8.228243524452483193e-02 1.361039545253580618e-01
9.894353847555147352e-01 3.045545722076899997e-01
4.980990267005754868e-01 5.245866090483741750e-02
5.814646222239886475e-01 6.219380158800039693e-01
5.147572813867087316e-01 3.579735341159575590e-01
3.892654552367647014e-04 6.787468741413016371e-02
9.607638387834298577e-01 4.201369096002272041e-01
2.754614653712968986e-01 5.969576880990168366e-02
1.909654355646319690e-01 2.698466027478935159e-01
8.031621460317543981e-01 3.076377049230968330e-01
3.656246449186943970e-01 1.675561736476410823e-01
9.829810888998959939e-01 2.240465343304565149e-02
6.894243279290664939e-01 7.319478786958091288e-01
9.728016253149516235e-01 8.867981424385945610e-01
8.301265859926002522e-01 5.258794365608857602e-01
2.991186265350498363e-01 8.502788004238088782e-01
7.263185365320534714e-02 8.744375211750108345e-01
6.517767044253816033e-01 9.438756130558946245e-01
2.375751312704392770e-01 1.948549158436214679e-01
3.191918956699284493e-01 7.053074022082531647e-01
1.960877211957487987e-01 1.039327185866621983e-01
1.409673161917535111e-02 5.298420634654767980e-01
9.048547920753976515e-01 7.536889519767914214e-01
5.127587084516073146e-01 4.169902959342994819e-01
5.834827628990550963e-01 2.552688447774915659e-01
9.694495695821814252e-01 6.690384420139395827e-01
7.807235914032140123e-01 4.683728784311813609e-01
9.885321940539849583e-01 3.893565806742452784e-01
1.423312860328252993e-01 7.775163976753443063e-01
4.334771404079719170e-01 9.767831422832410349e-01
5.396467383205132418e-01 5.898966286549081062e-01
3.796734262887183631e-01 3.340359834153802110e-01
1.304907988196104540e-01 6.037980140965876208e-01
6.463356222728101619e-01 7.885245887800744757e-01
5.285671975858671212e-01 5.272507343674062152e-01
5.990263487991169811e-01 2.635981666550449853e-01
1.382444744934959724e-01 7.863768569836223632e-01
9.031168875417437958e-01 6.426264560056569319e-01
9.634405891846886671e-01 5.974713425721267512e-02
2.290126503032224869e-01 3.717554490132665146e-01
5.532985532279478536e-01 7.347207378852612658e-01
7.627908718934428567e-01 1.556788640929085421e-01
2.319644462569343535e-01 8.957181643637054380e-01
8.665448059258032965e-01 9.956889090005047738e-01
9.421478058957523105e-01 1.146151395810832696e-01
9.143507212983351673e-01 8.894049178992659010e-01
8.395918453194246567e-01 6.440665807033878476e-01
7.694779804613465224e-01 3.336715828717355947e-01
2.536532330248730815e-02 9.664533946660234243e-01
1.704995744102844046e-02 7.960774984482212879e-01
1.704555128491582749e-01 6.775887462229578384e-01
2.423338118138541608e-01 9.468229482657772866e-01
6.048908856047104932e-01 4.964334554755829299e-01
2.745193357847783844e-01 4.336200534893853709e-01
7.171851636215371695e-01 7.613402216395833699e-01
2.324879529359402675e-01 4.451269026466454504e-01
4.151491326820488936e-01 8.335349116696908478e-01
1.266057758939159728e-01 9.575152420460242286e-01
8.071573824627205074e-01 5.229256842712380893e-01
9.845680587420069241e-02 9.991817544400642959e-01
5.973559333564025797e-01 6.843260931982499962e-01
2.940517563551927616e-01 5.183291048820628522e-01
7.030463320284993101e-01 4.285707147413808649e-01
4.667107981898943603e-01 7.729541200099838694e-01
5.807250152669085619e-01 6.484722675815715043e-01
2.439436454196496351e-01 3.594826132457938916e-01
6.716113055844231683e-01 1.345348154785143135e-01
7.698588206609489060e-01 9.583800990488592353e-01
1.951882028626346077e-01 1.635049455295171095e-01
5.645261439477458065e-01 1.411105258885051450e-01
9.254445260836238196e-01 8.682838592213482087e-01
2.732425436066912017e-01 7.919874020532936543e-01
5.120847790543477940e-01 7.536510862273491096e-01
7.101238789231995030e-01 9.166573059780728228e-01
2.717923879744625903e-01 7.470607566381957110e-01
2.697139290336338924e-01 2.186682784534990098e-01
9.936954105412875160e-01 3.838474289237695514e-01
7.411364969718988727e-01 6.912432638982316524e-01
8.805378939775639902e-01 1.144893549107849351e-01
6.703538922129836930e-02 6.647137382902011948e-01
6.185395909864727093e-01 2.613040868382766613e-01
9.619661034284662238e-01 3.753389502713618819e-01
6.815165580726675332e-01 7.773436110229841045e-01
2.723488163059071265e-01 3.516226717279522518e-01
8.664151915294998618e-01 4.201124558500933803e-01
6.401724971245965623e-01 7.009424764887490777e-01
5.012905426824646460e-01 1.863454186384068123e-01
8.533967000622605381e-01 9.008302916525796622e-01
7.652854850078615323e-01 7.956679023186130628e-01
2.791625483333611824e-01 7.936861436380515666e-02
8.769744352481839700e-01 4.761569253821816838e-01
3.322118657372904460e-01 9.267139284557888157e-01
3.613426893831430675e-01 9.256046355336479126e-01
6.413160695438927528e-01 3.044605953031985779e-01
6.760485624914314151e-01 4.534115388092462284e-01
9.468367385066616126e-01 1.723596052342933893e-01
8.729293169238556693e-01 2.260677508686029791e-01
3.738607222479991554e-01 1.575279182031305014e-01
1.463487442669693106e-01 2.612160333322153249e-01
3.104033423363313782e-01 3.484487313221971139e-01
6.124089917340997946e-01 6.524791015359066026e-02
2.987435488490959301e-01 5.026211532726705400e-01
1.800454004420096732e-01 1.597696183644560231e-01
1.866476775752362594e-01 7.929012121856109374e-01
9.146022232214932046e-01 4.239700192731332695e-02
9.125432820481751417e-01 4.241690889029476885e-01
8.154771623157941463e-01 6.385412997604235086e-01
1.164419452342024819e-02 1.306314871635199104e-01
5.225048829685734475e-01 6.053540491944097157e-01
2.229484174818312514e-01 8.238940651748282162e-01
4.387685452456323576e-01 1.484492339336163091e-01
7.406521364517488770e-01 6.188709587752571073e-01
8.422157820135700579e-02 6.672438727384162327e-01
1.069133794141658989e-01 4.580088029321109921e-01
4.196162436591750478e-01 5.889722833696819926e-01
1.829980116339122720e-01 5.432022374992677705e-01
1.588284380985359734e-01 3.709637862314782986e-01
3.062668549514123706e-01 9.950617301518535074e-01
6.424244041201676580e-01 7.536934662926707551e-01
1.536125827026429969e-01 8.631715033821285576e-01
9.563950965325871412e-01 6.719213722512658027e-01
9.879703261725580887e-02 5.881470684919732905e-01
1.155108170208329899e-02 5.986889429063941837e-01
4.880107967391105195e-01 8.394404134714702481e-01
7.270118197155271966e-01 6.794755958503219118e-01
5.740271321524462733e-01 4.341892259126713949e-01
8.456878525403286329e-01 6.412178764982341406e-01
6.504860733693617059e-01 1.290973863092850227e-01
2.007564941276243076e-01 7.145970196655504481e-02
6.966578366550769674e-01 9.717840982102462499e-01
3.489074062914887531e-01 8.110311549438259382e-01
8.344523750993882993e-01 6.138832165289549447e-01
8.985204743551957751e-01 8.079325364270134591e-01
2.319821445449460340e-01 5.429099442748623883e-01
5.973649975510088028e-01 6.098304312905992175e-01
9.553058198232915466e-01 8.438074174186015464e-01
4.501623798133255194e-01 5.175009836754762560e-01
3.736072315345779771e-01 4.475986647963964282e-01
9.194099528900077090e-01 7.313401110835225927e-01
8.671860063713447975e-01 7.231857274811752667e-01
1.610670735518515695e-01 3.360061686883768495e-01
5.920421625360599016e-01 9.761293141289417719e-01
6.806481837664030143e-01 6.544728539185012961e-01
2.947667170091325950e-01 4.016610234513418032e-01
1.263287919900479839e-01 4.307831145270840656e-01
6.338057765964134616e-01 6.643385717240756216e-01
9.486697520339393286e-02 1.582483847726041670e-01
1.409072226359316948e-01 7.503380804641047730e-01
8.910910136306479101e-01 8.089931864439432463e-01
6.762218110565878515e-01 1.306593430040099424e-01
9.549720594954625996e-01 9.090394505910398548e-01
4.191220978501023486e-01 6.591837030338703052e-01
3.721872079312443793e-01 9.831805975370568884e-01
2.278008579595517391e-01 2.248443831009490079e-01
6.473153797482311678e-01 5.656637103715376202e-01
9.858579834035977596e-01 9.654583873818046724e-01
9.449691672708655510e-01 7.419781064356549827e-01
3.157944014402176425e-01 8.353487607455151176e-01
9.020583380378563998e-01 1.662590601428812764e-01
5.853746151577170487e-01 3.319372340172828117e-01
7.809549424795625416e-01 9.762344648912253398e-01
7.569884679052483190e-01 8.019761620707850369e-01
9.139894216024657680e-02 9.032720258884561204e-01
2.201056648588097797e-01 4.978801262126137939e-01
2.229607370637878283e-01 3.917384370248824244e-01
3.212681729543559461e-01 6.497720119517859105e-01
1.678642211086264213e-01 2.951571492734680335e-01
8.973979410383516875e-01 1.371883486853411327e-01
9.241030184090112121e-01 7.323163714177824968e-01
4.109385211835516749e-01 1.267685374221658723e-01
7.487130979233853623e-01 9.367272078448751760e-02
5.567451528561739860e-02 2.025899507889188378e-01
2.538074605167867093e-01 3.322814136114310424e-01
4.480653954408442274e-02 9.974334856508049185e-01
7.307031604781376588e-01 4.841114043692811286e-01
5.496323881616915763e-03 6.771245679757974534e-01
6.142911703185749417e-01 5.511911423291938616e-01
2.046546685815826550e-01 9.225907350024054043e-01
2.663173873498378974e-01 5.289130655837953610e-01
6.316220851242718703e-01 4.834409055296362556e-02
8.840127787387741520e-01 4.511936285617852427e-01
6.069943420445316207e-01 5.036344177761140628e-01
2.598321570469410702e-01 2.917113700702674839e-01
7.572315687940908147e-01 5.025812293165590194e-01
3.708368325184889791e-01 9.363175678828483672e-01
4.959428996955429492e-01 9.197025231422600866e-01
7.308847755816959557e-01 8.915365831870873947e-01
7.960248454759532022e-01 5.944034002208102851e-01
3.811471405741760909e-01 6.508818001960805510e-01
2.031112007223984106e-01 8.303258166689696518e-01
1.522776108932988315e-01 1.150700279777358004e-01
6.039971866927761335e-01 2.877442727855372695e-01
2.021514854506779590e-01 7.535116386631607321e-01
5.872953233515137983e-01 3.384553230847290317e-01
4.733075252589359350e-01 8.145291004986621175e-01
7.939953612978920550e-01 9.056984882870777742e-02
8.819101666029046660e-01 3.198500103628694191e-01
6.666170267082554002e-01 7.162629504965518645e-01
8.199251839281628262e-01 3.870879802780093915e-01
8.926012839404610100e-01 3.251899487230334174e-01
4.704837763187957878e-01 4.417887431905113127e-01
8.532661434153525626e-01 4.965016205824557272e-01
3.462077468329494145e-03 3.648355990076921351e-01
2.991964273199289037e-01 3.443579538692931319e-01
8.745024587050219678e-01 3.899023733129528546e-01
3.707802277955427606e-01 2.859380682326484457e-02
1.259944233897081212e-03 9.253863748225099606e-01
3.632310530255179470e-01 1.290452594241542350e-02
5.765156759116629726e-01 4.760507856681948091e-01
9.124222571757254485e-01 7.401384381187824379e-01
1.598857261543823460e-01 6.820440508407764613e-01
7.241234543364243326e-01 4.590075109572178125e-01
7.899234459515658280e-02 8.679917961334263632e-01
3.234324836318813734e-02 8.872147105651535526e-01
6.759807898405117976e-01 3.026333670844499890e-01
1.411039879926019314e-01 5.879012287719254104e-03
7.081687051149088141e-03 8.122888840665132282e-01
6.661166691181463761e-02 6.034910042135664954e-01
5.631923220951565723e-01 4.512841312006432570e-02
4.269726204968761207e-01 7.144462494955362564e-01
5.501429552152925506e-01 5.493628909150115591e-01
5.255319151466740779e-01 2.885687807915437997e-02
5.077874715372951986e-01 8.717102789811518315e-01
6.855030090229804474e-01 8.682856936344153231e-01
1.606184477568928237e-02 4.977034327961168403e-01
3.022887075379420141e-01 1.080291551402319250e-01
7.242846619491510873e-01 4.280994346850514054e-01
7.868312984358369899e-01 9.692651603285991069e-01
7.412316765796018725e-01 5.964244069213531230e-02
5.642999125333844068e-01 1.318252250769349487e-01
1.914786628912186206e-01 9.848451972121441411e-02
8.697902061330686774e-01 2.269559530885507659e-01
4.156776951984526569e-01 6.954434869195971203e-01
6.771501010485826422e-01 6.140930134969579957e-01
6.072068019556042806e-02 2.013737692578815297e-01
2.343105151245388207e-01 2.063235906127568464e-01
1.833467128910666322e-01 9.903935231174285647e-01
6.670086482062422828e-01 2.305800975488992988e-01
4.559588013502100523e-01 9.300354357488428425e-01
8.433480263069184080e-01 2.660719599929181056e-01
7.995688929854906091e-01 4.173934471827394077e-01
4.760770543868556581e-01 7.703800768700095336e-01
2.763623579279353981e-01 5.006693593802560294e-01
4.570258232375579155e-02 7.517651813429367946e-01
6.753077729966151521e-01 2.714861647871918970e-01
8.427470970704299402e-01 4.627154045894583678e-01
1.728952484243506671e-02 1.314806970778177320e-01
6.087846973902261150e-01 5.724284386912822375e-01
8.344983888732582233e-01 2.240677320165960218e-01
1.526481785791042878e-01 7.414460546428813803e-01
5.666560015910477865e-01 1.771810991836657578e-01
8.291836045886362694e-01 7.103602317980534098e-01
4.519244940217788109e-01 8.709164360795678128e-01
6.273158206564755091e-02 1.688549124537457313e-01
8.220087998844696209e-01 9.318772106482410278e-01
6.691558487245082842e-01 3.092195565282161995e-01
5.921007005961687053e-01 5.107516587974901823e-01
5.025948483279347734e-01 1.390408211125393478e-02
2.416169139248133257e-01 3.234491746236846099e-01
1.672338365871629540e-01 6.320872138213331493e-01
9.674684146384641137e-01 4.038487057833939353e-03
3.748926817846220949e-03 4.415386074048927023e-01
2.691766383280822517e-01 7.198889436762834215e-01
9.735486492130733804e-01 5.069775290345841512e-01
8.556238209240002446e-01 5.399837609699054131e-01
9.699955389280595641e-01 5.798575555600253839e-01
3.286953119036221116e-01 2.367102599910489991e-01
6.170598501089885612e-02 5.719563778957916789e-01
6.199656081678638353e-01 6.086931985751601326e-01
3.148991037389126113e-01 9.474139233004144067e-01
9.225348458627370407e-01 5.262967314293661714e-01
4.654993613005977693e-01 4.039341137543650539e-02
9.869424413294199949e-01 6.353387489813717703e-01
4.848979225619647337e-01 8.425924854204372982e-01
3.372058413642183838e-01 5.251054086891494554e-01
5.363122584964095108e-01 7.002047749135223986e-01
5.271426267761547546e-01 1.519483007711275313e-02
9.979030655437369779e-01 5.006937868694061322e-02
3.759883976339061240e-01 9.195718462457854736e-01
6.606730698769724963e-01 4.304846269493223243e-01
5.008189922584704856e-01 4.952824548268243143e-01
2.781356754902629680e-01 8.869465026650612538e-01
2.025757224404703960e-01 6.482490548755515114e-02
6.982508442225032752e-01 7.533281569452515702e-01
6.472673838202913643e-01 9.731845325421114579e-01
1.276077678388978232e-01 2.383648088847056812e-02
7.509945776809890949e-01 3.043960890594703539e-01
8.318838004727459046e-01 3.517168547316678051e-01
1.446001564577598097e-01 9.192746107213267681e-01
4.405193567715307568e-01 3.112534295446166555e-01
5.415509009287879927e-01 5.696650448674355216e-01
8.485921319327200951e-01 4.083026256238353469e-03
6.307131450682218476e-01 4.803240351158852839e-01
8.532833067721898868e-01 9.308489754792915738e-01
5.853934739824195876e-01 3.542632896469944948e-01
8.619966063940945888e-01 6.407385970648574736e-01
5.416311566232627772e-01 2.351922448102292673e-01
7.829328629354993518e-01 9.725596174928919924e-01
5.720214045960864135e-01 1.374534563339446791e-02
5.175838538655119780e-02 1.400270763649125172e-01
9.609140838358294356e-01 1.054290828070955088e-01
9.463086225499318660e-01 3.277116196516416391e-02
5.282929035258955297e-01 6.367451089582162327e-01
8.988726425968353029e-01 4.161606360753856704e-01
8.906378357939438439e-01 1.204680051962970788e-01
3.554586163021266065e-01 3.053190604680269260e-01
2.464100034509241199e-01 9.345285548995007074e-01
9.436716533201217061e-03 3.256137210492237033e-01
2.376370725297948239e-01 5.715739582740982927e-01
9.460702220370705851e-01 8.534398571440707792e-01
3.763015160681838500e-01 1.387706918945234014e-01
1.390475903825612036e-01 3.493861580496635533e-01
4.327877944526223875e-01 5.210291229807231250e-01
4.489403629452981548e-01 1.799752070026352513e-01
6.605211344452933675e-01 5.969049941254158664e-01
1.104340996374234551e-01 7.320992540880666422e-01
2.284303331576846841e-01 7.482636046586400580e-01
5.201924860335283007e-02 7.631217316091158942e-01
2.569632686078722195e-01 9.678889243409027898e-02
3.098340948052071830e-01 5.176092051543530470e-01
6.356110609342772166e-01 6.425196050584613960e-02
4.056489309900007667e-01 8.514299583168603025e-01
4.226440231452565088e-01 6.039655985699377005e-02
2.220898665521553461e-01 2.530452266442670961e-01
5.058371638209343546e-01 6.518456198639925869e-01
4.476488199426253978e-02 3.190538550244578220e-01
1.723022533028806258e-01 2.471349315194123486e-01
6.291186958384398231e-01 1.819847883209639861e-01
8.889424345700915886e-01 5.563934479997848515e-01
7.410657066587965636e-01 1.167351795888378341e-01
1.051280635984345180e-01 2.013070321979115729e-02
3.010627162918777522e-03 2.539288211656292038e-01
9.150450535010624664e-01 4.491841710706330204e-01
2.687406466095797475e-01 4.027012600562219768e-01
3.489458504334498334e-01 6.333411109721778232e-01
6.915942894925800610e-01 7.509664736194078261e-01
6.000594894358045606e-01 4.440930148370033637e-01
6.253611385293342817e-01 8.170772425834635921e-01
2.932551822415893072e-01 3.387964614137208841e-01
1.054279496540863059e-01 4.299822916583438959e-01
7.251061087683734474e-01 3.107884226456664178e-01
3.520807881604717249e-01 1.344781857110506351e-01
9.667830141086894979e-01 9.044614674644471108e-01
9.127657087832787841e-01 3.569576907851046421e-01
6.222068284200840127e-01 1.965941383190391578e-01
6.624692007062946697e-01 5.491410637396636485e-01
3.365521723624569361e-01 1.312586529208200625e-01
6.493973312736989190e-01 5.488652778037671487e-01
9.143611485311990972e-01 8.868135578434829247e-01
9.847661941518645046e-01 1.202307008021555879e-01
4.799351298101428576e-01 9.667889314143827129e-01
7.927564002467124560e-01 7.716575377159906601e-01
6.049223860800108099e-01 4.445898885189516481e-01
3.517325992070317042e-01 4.344426944162305126e-02
9.078224425220614568e-01 4.764010410428309861e-02
3.265991181915036679e-01 3.461750060001544949e-01
9.222095201349735927e-01 5.886357212952120221e-02
7.277953532185693630e-01 1.422701564303787691e-01
2.137499692762112602e-01 1.001800678495610164e-01
7.110813277938516919e-01 6.266755596207109758e-01
2.576932361357188173e-01 9.809263366311529175e-01
3.586433634349128763e-01 4.261515131463690098e-01
1.281393400904976554e-01 7.537590708078006907e-01
1.980308646898526481e-01 2.930272377052143273e-01
2.026870508227573975e-02 3.322439573843004590e-01
4.341015054413556173e-01 5.201096702371832414e-02
5.652405446755763840e-01 6.075277712645946737e-01
2.527937927235747173e-01 7.330319370183943084e-01
9.409003003946257992e-01 1.160771632356182304e-01
4.504869572012049073e-01 4.804758779757191123e-01
4.605205207022310399e-01 8.218244241385569415e-01
9.353266811504534761e-02 5.769685226522638377e-01
4.359076311553945482e-01 8.263207669017406110e-01
9.529186934268529807e-01 9.783702873288799839e-01
3.410569949056196926e-01 5.392323772970412099e-01
7.964583384131347366e-01 9.970499680391159414e-01
8.887863766263764953e-01 6.506451990160471155e-01
6.555553769160217259e-01 8.933965339129460448e-01
6.127628204887970442e-01 9.791787082260011710e-01
9.217555008106805836e-01 4.653507967901940878e-01
3.167986404132253631e-01 9.304983805235896854e-01
8.924039537683092771e-01 4.239495247095381725e-02
6.662958571955247544e-01 1.608288145324754392e-02
5.902060009046685707e-01 9.700252831025524269e-02
6.088653922153393072e-01 8.258921069875185816e-01
9.586276854560736860e-01 1.682217183807506178e-01
6.910692829090095968e-01 9.362486549408575165e-01
9.879702684297662074e-01 7.274157889945515043e-01
4.112216426105141931e-01 8.017159197510626001e-02
1.160075343768336431e-01 9.121903392707236824e-01
3.819732659748659165e-01 6.882239613670830813e-01
8.582505438357466154e-01 5.018954315693150425e-01
7.316972389057454507e-01 1.484112663036780688e-01
3.727184589995251596e-01 1.607006927669208940e-01
7.843822082546856311e-01 2.943071464888693534e-01
2.663573170451578598e-01 4.301494598299583361e-01
3.722145874008491173e-01 9.870327593594221405e-01
4.578468188857961474e-01 3.442216670770604781e-01
9.370552773698125337e-01 3.956158825491133957e-01
6.334342254512809189e-01 4.639289869427625224e-01
1.643689228938548519e-01 4.567549689405314695e-02
2.367116673966933593e-01 4.049976199607322469e-01
2.321217849738093086e-01 4.690033692406514465e-02
6.253262355043293086e-01 1.021190407996315219e-01
2.461544103061552580e-01 3.416859828327981630e-01
1.620185024986409150e-01 7.889462663026921563e-01
4.618434569449740845e-01 9.410311559452602115e-01
7.862897904546265471e-01 5.353777702458010213e-01
3.251435112412163209e-01 7.955363275897389119e-01
7.441758432996331551e-01 7.473538900736020896e-02
2.034790704168210063e-01 8.537200375910561911e-01
2.607417258782979141e-01 4.783886334148731434e-01
3.980642417942666933e-01 1.688987839840373484e-01
9.302553657899222950e-01 4.204424657787702024e-01
1.191748638599174903e-01 3.487967157829500175e-01
4.751990728059564129e-01 9.841355172782519922e-01
7.807901162289376806e-02 7.441858791088220570e-01
2.658064655884856409e-01 1.155525809361246381e-02
6.674790456141534989e-01 6.772386370922871546e-01
7.321513995268924546e-02 4.396751447304548810e-01
5.665242867129707260e-01 3.147720235586997095e-01
1.744158440081127193e-01 7.140086313578962729e-01
6.632846691449348908e-01 4.099036206612161060e-01
5.826455685324509748e-01 4.278712668288522369e-01
3.108727545279655891e-01 8.452332239314531703e-01
6.992413067709737362e-01 9.631166543494725785e-01
7.738688850973245437e-01 1.177019383460293778e-01
9.253690932090307131e-01 9.595690444950442100e-01
2.789413070984849696e-01 4.340025606692355931e-01
2.716292509433304581e-01 6.492866295956160050e-01
7.124412239824456927e-01 6.481934605073336186e-02
5.895333435441210135e-01 1.298291839538737724e-01
7.053501612570822754e-01 5.396003996585280182e-01
5.456098074752011584e-01 5.516681872051538704e-01
9.976430633939815662e-01 2.458775403971946716e-02
2.281954176966335401e-01 2.631181679096791237e-01
8.236887844624166677e-01 1.206766888031629570e-01
8.015799200830170390e-01 1.657296896977078493e-01
1.582925117989686381e-02 7.750863402745616915e-01
6.041929154767322618e-02 7.268699584061929508e-01
8.755001846247383313e-01 1.947146286729836140e-01
5.886433380624758183e-01 6.495055429148057780e-01
1.568814724127037818e-01 2.877168504981272301e-01
5.568533629496609239e-01 5.163498717293113494e-02
7.069207742004059991e-01 3.998919886734115803e-01
5.467700469278730102e-01 4.306694596728849467e-01
6.305310499439914507e-01 5.524860322589323358e-01
1.500847490912191606e-01 1.336170975506780767e-01
1.203220956819046616e-01 5.632249402765127089e-01
8.367137768588290836e-01 6.973912742692884859e-01
4.143059684397248921e-01 6.722480235632571910e-01
6.516691316486028507e-01 7.697293502269957344e-01
5.288765784242173140e-01 8.950240348223558184e-01
6.844212429443701229e-01 8.800269336222210637e-01
7.443347944801170790e-03 6.279002250362875071e-02
1.024891694623120131e-02 2.807059887969867162e-01
7.088514193004192832e-01 4.531515833470500798e-02
9.150739127544473828e-01 5.934444548399944175e-01
6.310313223113084291e-01 4.714315434180945674e-01
5.962753740897808186e-01 7.565753259955344534e-01
6.026841985016599956e-01 4.872331721711319341e-01
2.706677338520312448e-01 3.256843308232713063e-01
3.069069832012201182e-01 9.161670184107826298e-01
9.056321519234322714e-01 5.871383733363952917e-01
7.379489567142109019e-01 4.516673268335699154e-01
7.257198445567802914e-01 1.051756907828417242e-01
9.610093638168617503e-01 8.532421260037973409e-01
6.896434973514374844e-01 7.862637540235354328e-01
8.395706745783271252e-02 3.319334757046307205e-01
4.274463379823986164e-01 3.581741625272801821e-01
3.132092046076018210e-02 2.569417358860911493e-01
1.396274740999414732e-02 8.105726221678042354e-01
3.074111585839434113e-01 4.973079483772928633e-01
1.615619809741476454e-01 7.983403590454144494e-01
7.660201474450838433e-01 6.533101949105883932e-01
9.319736073065780779e-01 6.349640427940335119e-01
5.896116938389522888e-01 3.189592079754171028e-01
5.893938938218975521e-01 9.676037716614129813e-01
5.292649303885776924e-01 4.202646892216661545e-01
5.733086972181032914e-01 5.640926102341657922e-01
6.778674749119065757e-01 7.831362596156742351e-01
1.916763091155695431e-01 5.857317059373461365e-01
3.629645726977770437e-01 3.317726973083013897e-01
3.661040079973258976e-01 3.119059135852905174e-01
1.595507835745346714e-02 1.073888836431119431e-01
6.506630848090523278e-01 2.862154386313106036e-01
2.572007407468213103e-03 6.184183526069519932e-01
3.708186807058094780e-01 5.053019646811884868e-01
6.726170376258107098e-01 5.700841286186926204e-01
3.708522937384616247e-01 1.681006154293473998e-02
1.259768600065843680e-01 6.849765434387259377e-01
6.199551468062095561e-01 1.394943027327263385e-01
5.868491244729279188e-02 9.786987607240539289e-01
6.123683503965970942e-01 6.567349417983664450e-01
7.244919055681071640e-01 7.708052208177519349e-01
9.237897742318853522e-01 2.702386175907568466e-01
7.411257321242045171e-01 2.221570477189460657e-02
2.855035753693062617e-01 4.570162577859436803e-01
1.704434240914948218e-01 2.257023545600871373e-01
5.482544721516215969e-01 7.359929337145907358e-01
2.977787638642452883e-01 6.471406294674747484e-01
7.086842812328074670e-01 6.424673870957429145e-01
8.322927959059102099e-01 6.013840565947186079e-01
5.897756934072669877e-01 6.055298099635419984e-02
8.259146685889687811e-01 7.610927215878376950e-01
2.635558960979274001e-01 3.024774764170956587e-02
1.856657070460099312e-01 8.181478279108549412e-01
7.474153519362419784e-01 9.360109109608745204e-01
7.366386516637377646e-01 5.488937715155479680e-01
9.380784567833369003e-01 4.679946175374627426e-01
3.687846120993882870e-01 4.836618519125345239e-01
7.894100901699645512e-01 9.904851407501374938e-01
8.658709002849800385e-01 4.165378224247465733e-01
7.117624497919605719e-02 4.910180828912319440e-01
5.947722302907820779e-01 9.081011833309927672e-01
3.051330464663296604e-01 9.095697163770899429e-01
9.002932127816521968e-01 8.020433121228276452e-01
5.643340980847955102e-03 9.669229017269324045e-01
1.154051647845822925e-01 9.621587392398919247e-01
7.767404795794392580e-01 1.083319497257164699e-01
6.233203368094155650e-01 7.038097857095216847e-01
5.028586781791222204e-02 9.534303885231969478e-01
3.473052527077685747e-01 2.339311652924902507e-01
6.084271258186231268e-01 8.670132719690676337e-01
7.567419304259065393e-01 6.677594241007225317e-01
8.153492332163412293e-01 4.894121346816646678e-01
5.619793722545388670e-01 6.967608520448775877e-02
7.263411366743887099e-01 4.337151037198954118e-01
1.275044189092238156e-01 7.701804527760877095e-01
9.706541495953633358e-01 6.759672817233148834e-01
1.744564589389689946e-01 8.271774868579071516e-01
5.856166759403905742e-01 9.163342787052455307e-01
7.819283925638546018e-01 5.025957761708562677e-01
4.559629770563516926e-01 3.668105404898537314e-01
3.282643581173153580e-01 7.860316892332674943e-02
9.702381335272610707e-01 6.722024353690789766e-01
2.547310404335887402e-01 2.074249784950268349e-01
5.725349278398832453e-01 5.745236981807977372e-01
2.435011675826780353e-01 2.913206538896974118e-01
3.387193252152649325e-01 5.437393616236461114e-01
5.802591933636942478e-01 6.359769567471622587e-01
4.599102194521444975e-01 6.198215765402903532e-01
5.024326717132949760e-01 6.994157703850254482e-01
1.539800920384639671e-01 7.241280551877335991e-01
9.773425053678397312e-02 1.437529560334871448e-01
2.317307268831886313e-01 9.029126493706718382e-01
1.516140646281043391e-01 2.534313540144080834e-01
9.117029379871550709e-01 7.028074545994668076e-01
4.262320967801238591e-01 4.979748340475531609e-02
7.271148425628084500e-01 4.625678236980297342e-01
7.621724806392855545e-01 4.426188650033493488e-01
5.221110064128814399e-01 8.024103035912725224e-01
1.318960736898399100e-01 6.324420230611822458e-01
9.022068537683063383e-01 4.671032610292158438e-01
3.321932642063352148e-02 6.442305125589012915e-01
4.066651308893045602e-01 8.967579434610672973e-01
6.004309485484109477e-01 9.809254435325549526e-01
1.844485887808248181e-01 5.617532641086656620e-01
2.402927416912457037e-01 4.595552029273411998e-01
4.965186535742486251e-01 1.336045458605080727e-01
1.302689370540892622e-01 5.089840572971253696e-01
8.950325844853798118e-01 1.843870450128798355e-01
1.409352639698164822e-01 5.337008997371581742e-01
4.703643246428651503e-01 6.047053194869617121e-01
2.693395821851498617e-01 2.255245399042304921e-01
8.895776946148509223e-01 7.402568548407616467e-01
8.975224097326824912e-01 9.926813629130319949e-01
2.148251275252885950e-01 3.451198636501545680e-01
4.192192127903320298e-01 3.928211576754836454e-02
2.911593023129542823e-01 1.632080782955237508e-01
4.397508675821756308e-01 7.749856171715676645e-01
6.579759025570576236e-01 6.382818178519602537e-01
6.947654789412742726e-01 2.254781196659989551e-01
6.938821111673748598e-01 3.408034985473016309e-01
