87.150775 91.746602 93.731376 94.672892 95.135915 95.351971 95.427358 95.414824 95.340860 95.216904 95.043858 94.813176 94.505359 94.085224 93.491340 92.612692 91.233442 88.889134 84.450297 74.782524 
81.859896 86.110055 88.514024 89.834280 90.530524 90.857759 90.956889 90.906089 90.747132 90.498376 90.160543 89.718059 89.136683 88.356629 87.278419 85.735289 83.439401 79.878291 74.132981 64.681170 
79.184552 82.329372 84.393634 85.636134 86.313362 86.613149 86.659600 86.529953 86.268274 85.894051 85.406501 84.785414 83.988723 82.946232 81.548064 79.625552 76.922483 73.060345 67.527536 59.811175 
77.556949 79.642494 81.113080 82.025651 82.499755 82.651053 82.569934 82.318967 81.935901 81.437046 80.819284 80.060233 79.116319 77.918547 76.365829 74.316428 71.580615 67.924705 63.112774 57.038558 
76.410746 77.587018 78.412927 78.881329 79.041230 78.957406 78.689028 78.280939 77.761176 77.140851 76.414376 75.559158 74.534404 73.279074 71.709513 69.718361 67.178453 63.959333 59.968984 55.233347 
75.510732 75.901106 76.096378 76.077769 75.864001 75.490243 74.993097 74.402098 73.735677 72.999510 72.185871 71.273200 70.225603 68.992445 67.508710 65.697628 63.478219 60.781674 57.580502 53.929325 
74.744205 74.431766 74.022857 73.505375 72.888677 72.193230 71.441480 70.651641 69.834150 68.989901 68.109488 67.172931 66.149726 64.999378 63.673000 62.117007 60.280372 58.126944 55.653124 52.907259 
74.048546 73.082102 72.089387 71.071059 70.037326 69.002962 67.982371 66.985941 66.017841 65.074945 64.146463 63.214010 62.252016 61.228636 60.107548 58.851244 57.426483 55.812277 54.009698 52.050636 
73.382852 71.783099 70.214583 68.692940 67.234059 65.851833 64.556180 63.351794 62.237625 61.206889 60.247382 59.341959 58.469160 57.604105 56.719884 55.789765 54.790472 53.706555 52.535183 51.289776 
72.715137 70.477862 68.326764 66.293828 64.402715 62.668285 61.097127 59.688697 58.436681 57.330322 56.355554 55.495905 54.733225 54.048322 53.421630 52.834064 52.268126 51.709284 51.147369 50.577524 
72.015263 69.111491 66.354678 63.794689 61.463281 59.375628 57.533755 55.930445 54.552767 53.384857 52.409910 51.611467 50.974139 50.483863 50.127711 49.893287 49.767673 49.736029 49.780098 49.877140 
71.249557 67.622694 64.218946 61.107865 58.327624 55.890162 53.788932 52.006454 50.520364 49.307708 48.347677 47.623161 47.121373 46.833670 46.754512 46.879392 47.201542 47.707489 48.372136 49.154988 
70.374782 65.934266 61.822285 58.129307 54.894629 52.119092 49.779935 47.843299 46.273074 45.036468 44.107153 43.466799 43.105482 43.021129 43.217791 43.702285 44.478598 45.539720 46.857659 48.374495 
69.328886 63.939245 59.036251 54.728941 51.044885 47.958859 45.419307 43.367084 41.746740 40.512494 39.630995 39.082338 38.860103 38.970605 39.430965 40.265063 41.495954 43.133237 45.155133 47.488846 
68.013890 61.477523 55.681446 50.738447 46.635581 43.294989 40.617509 38.507373 36.883790 35.685230 34.870332 34.417621 34.325002 34.609202 35.304566 36.459752 38.129635 40.358506 43.150574 46.428894 
66.260065 58.293070 51.497222 45.936923 41.497787 38.005614 35.288879 33.203564 31.639227 30.517682 29.789869 29.433285 29.450786 29.870791 30.748277 32.164872 34.224209 37.034879 40.668295 45.078853 
63.742549 53.952300 46.097406 40.038767 35.441482 31.972462 29.362924 27.414493 25.988382 24.992877 24.373808 24.108879 24.205741 24.703584 25.678004 27.248332 29.584112 32.900475 37.415988 43.220430 
59.765248 47.688012 38.917230 32.698770 28.279529 25.104977 22.802928 21.131447 19.935891 19.120558 18.631847 18.449627 18.584798 19.082500 20.031695 21.582998 23.976580 27.576347 32.880325 40.388562 
52.635892 38.125918 29.196307 23.573731 19.889294 17.383214 15.631964 14.392978 13.524114 12.942509 12.603783 12.492423 12.619405 13.026274 13.797570 15.087353 17.172285 20.554734 26.144344 35.454621 
37.655832 22.988800 16.175439 12.519200 10.330676 8.917672 7.960595 7.296776 6.837707 6.534162 6.360613 6.308545 6.384959 6.615396 7.053485 7.803668 9.076043 11.329901 15.689956 25.286144 
