43.750000 35.937500 33.984375 33.496094 33.374023 33.343506 33.335876 33.333969 33.333492 33.333373 33.333343 33.333336 33.333334 33.333333 33.333333 33.333333 33.333333 33.333333 33.333333 45.833333 
29.687500 16.406250 12.597656 11.523438 11.224365 11.141968 11.119461 11.113358 11.111712 11.111271 11.111154 11.111122 11.111114 11.111112 11.111111 11.111111 11.111111 11.111111 11.111111 26.736111 
26.171875 10.644531 5.810547 4.333496 3.889465 3.757858 3.719330 3.708172 3.704971 3.704061 3.703804 3.703731 3.703711 3.703706 3.703704 3.703704 3.703704 3.703704 3.703704 20.109954 
25.292969 8.984375 3.698730 2.008057 1.474380 1.308060 1.256847 1.241255 1.236556 1.235154 1.234739 1.234618 1.234582 1.234572 1.234569 1.234568 1.234568 1.234568 1.234568 17.836130 
25.073242 8.514404 3.053284 1.265335 0.684929 0.498247 0.438774 0.420007 0.414141 0.412324 0.411766 0.411596 0.411545 0.411529 0.411525 0.411523 0.411523 0.411523 0.411523 17.061913 
25.018311 8.383179 2.859116 1.031113 0.429010 0.231814 0.167647 0.146914 0.140264 0.138147 0.137478 0.137269 0.137203 0.137183 0.137177 0.137175 0.137174 0.137174 0.137174 16.799772 
25.004578 8.346939 2.801514 0.958157 0.346792 0.144652 0.078075 0.056247 0.049128 0.046819 0.046074 0.045836 0.045760 0.045736 0.045728 0.045726 0.045725 0.045725 0.045725 16.711374 
25.001144 8.337021 2.784634 0.935698 0.320622 0.116318 0.048598 0.026211 0.018835 0.016413 0.015622 0.015364 0.015281 0.015254 0.015246 0.015243 0.015242 0.015242 0.015242 16.681654 
25.000286 8.334327 2.779740 0.928859 0.312370 0.107172 0.038943 0.016288 0.008781 0.006299 0.005480 0.005211 0.005123 0.005094 0.005085 0.005082 0.005081 0.005081 0.005081 16.671684 
25.000072 8.333600 2.778335 0.926799 0.309792 0.104241 0.035796 0.013021 0.005450 0.002937 0.002104 0.001829 0.001738 0.001708 0.001698 0.001695 0.001694 0.001694 0.001694 16.668344 
25.000018 8.333404 2.777935 0.926183 0.308994 0.103309 0.034776 0.011949 0.004350 0.001822 0.000982 0.000703 0.000610 0.000580 0.000569 0.000566 0.000565 0.000565 0.000565 16.667227 
25.000004 8.333352 2.777822 0.926001 0.308749 0.103014 0.034448 0.011599 0.003987 0.001452 0.000608 0.000328 0.000234 0.000204 0.000193 0.000190 0.000189 0.000188 0.000188 16.666854 
25.000001 8.333338 2.777790 0.925948 0.308674 0.102922 0.034342 0.011485 0.003868 0.001330 0.000485 0.000203 0.000109 0.000078 0.000068 0.000064 0.000063 0.000063 0.000063 16.666729 
25.000000 8.333335 2.777781 0.925932 0.308652 0.102893 0.034309 0.011449 0.003829 0.001290 0.000444 0.000162 0.000068 0.000036 0.000026 0.000023 0.000021 0.000021 0.000021 16.666688 
25.000000 8.333334 2.777779 0.925928 0.308645 0.102885 0.034298 0.011437 0.003816 0.001277 0.000430 0.000148 0.000054 0.000023 0.000012 0.000009 0.000008 0.000007 0.000007 16.666674 
25.000000 8.333333 2.777778 0.925926 0.308643 0.102882 0.034295 0.011433 0.003812 0.001272 0.000426 0.000143 0.000049 0.000018 0.000008 0.000004 0.000003 0.000003 0.000002 16.666669 
25.000000 8.333333 2.777778 0.925926 0.308642 0.102881 0.034294 0.011432 0.003811 0.001271 0.000424 0.000142 0.000048 0.000016 0.000006 0.000003 0.000001 0.000001 0.000001 16.666667 
25.000000 8.333333 2.777778 0.925926 0.308642 0.102881 0.034294 0.011431 0.003811 0.001270 0.000424 0.000141 0.000047 0.000016 0.000005 0.000002 0.000001 0.000000 0.000000 16.666667 
25.000000 8.333333 2.777778 0.925926 0.308642 0.102881 0.034294 0.011431 0.003810 0.001270 0.000423 0.000141 0.000047 0.000016 0.000005 0.000002 0.000001 0.000000 0.000000 16.666667 
25.000000 8.333333 2.777778 0.925926 0.308642 0.102881 0.034294 0.011431 0.003810 0.001270 0.000423 0.000141 0.000047 0.000016 0.000005 0.000002 0.000001 0.000000 0.000000 16.666667 
