81.899087 82.137797 80.778410 79.330351 78.198060 77.421312 76.929934 76.637143 76.470922 76.380367 76.333076 76.312098 76.319139 76.386895 76.587245 76.998390 77.586892 77.965767 76.905290 70.998883 
72.340639 68.621684 64.849675 61.711773 59.400841 57.837605 56.846898 56.251579 55.909660 55.720909 55.621165 55.577403 55.595299 55.743071 56.166972 57.040088 58.393939 59.845214 60.292216 57.730744 
66.535391 58.999547 52.716419 47.883737 44.431559 42.118202 40.651047 39.764110 39.250099 38.963294 38.810180 38.743110 38.772345 39.000623 39.647982 40.997091 43.212198 46.084849 48.867494 50.421101 
62.848914 52.421556 44.046367 37.750172 33.300528 30.326777 28.436295 27.287004 26.615770 26.237807 26.034151 25.944389 25.982662 26.281610 27.127004 28.906051 31.923116 36.151091 41.093443 45.930842 
60.523504 48.103021 38.178947 30.748499 25.503380 21.992241 19.751348 18.381262 17.575433 17.118030 16.869470 16.758693 16.802384 17.156387 18.158825 20.282398 23.946833 29.261732 35.871639 43.046398 
59.096928 45.382408 34.396698 26.154616 20.321337 16.402494 13.889894 12.345180 11.430860 10.908209 10.622007 10.492767 10.538381 10.930999 12.046597 14.420408 18.555502 24.652978 32.432743 41.180150 
58.251754 43.736305 32.064030 23.276345 17.034581 12.824659 10.113353 8.438116 7.441034 6.867618 6.551505 6.406888 6.451888 6.869160 8.059922 10.601529 15.052649 21.672487 30.222431 39.986411 
57.768737 42.777846 30.682305 21.546271 15.035423 10.628369 7.779104 6.011161 4.954032 4.343027 4.004285 3.847511 3.890509 4.322194 5.559518 8.206466 12.856811 19.805706 28.838783 39.237855 
57.502134 42.239452 29.893537 20.544699 13.864514 9.329993 6.389273 4.558440 3.459683 2.822077 2.466971 2.301047 2.341590 2.780985 4.045451 6.754959 11.524548 18.671213 27.995512 38.779242 
57.359722 41.946921 29.458247 19.984357 13.201813 8.588185 5.589300 3.717537 2.591094 1.935422 1.568965 1.396460 1.434682 1.877814 3.157261 5.902188 10.740081 18.000980 27.494867 38.504977 
57.285908 41.792724 29.225270 19.680393 12.838175 8.177254 5.142756 3.245361 2.101201 1.433728 1.059696 0.882654 0.918968 1.363687 2.650997 5.415155 10.290710 17.615350 27.205014 38.344817 
57.248232 41.712628 29.102613 19.518653 12.642983 7.955043 4.899782 2.987120 1.832173 1.157355 0.778502 0.598483 0.633380 1.078641 2.369888 5.144103 10.039738 17.398873 27.040988 38.253106 
57.225446 41.664124 29.029880 19.425390 12.533257 7.832462 4.767335 2.847251 1.686863 1.008177 0.626672 0.444936 0.478937 0.924331 2.217475 4.996782 9.902811 17.279340 26.947927 38.199075 
57.191824 41.599342 28.946068 19.334653 12.442960 7.745285 4.683190 2.765048 1.605515 0.926955 0.545215 0.363151 0.396934 0.842470 2.136566 4.918410 9.827527 17.206435 26.881508 38.154604 
57.089282 41.422104 28.744657 19.148485 12.290104 7.627295 4.593469 2.695077 1.547964 0.876588 0.498717 0.318608 0.353357 0.799478 2.094271 4.873396 9.768137 17.120260 26.776837 38.074023 
56.775962 40.919178 28.212373 18.690872 11.944152 7.386954 4.435000 2.592820 1.481122 0.830629 0.464424 0.290544 0.328502 0.776283 2.066720 4.818774 9.645724 16.901400 26.497214 37.858519 
55.927134 39.653680 26.956154 17.666939 11.204692 6.895346 4.126936 2.407532 1.372210 0.766634 0.425662 0.265420 0.310515 0.756824 2.016438 4.668267 9.298720 16.305962 25.755510 37.289100 
53.810454 36.795671 24.334730 15.652430 9.810617 5.996911 3.577576 2.084933 1.188494 0.664123 0.368839 0.233465 0.288095 0.713317 1.871440 4.268426 8.451337 14.904719 23.994945 35.876095 
48.663984 30.853480 19.446541 12.159153 7.503910 4.552855 2.709556 1.580213 0.903106 0.506444 0.283222 0.185472 0.243524 0.600230 1.530190 3.422138 6.745651 12.069741 20.208154 32.444058 
35.699381 19.398983 11.350036 6.853704 4.166048 2.515108 1.497701 0.876774 0.503932 0.284619 0.161428 0.110956 0.153623 0.369491 0.907293 1.983252 3.895079 7.128104 12.757060 23.800279 
