84.596130 86.891737 86.901092 86.223024 85.418727 84.690908 84.102754 83.659973 83.346850 83.144360 83.039703 83.029941 83.119372 83.308869 83.574602 83.831186 83.863868 83.177190 80.578777 72.847426 
77.032259 76.923647 75.572556 73.803327 72.072734 70.584962 69.402378 68.516321 67.890115 67.485359 67.277323 67.260975 67.446216 67.839604 68.410130 69.036726 69.431594 69.023104 66.774439 61.001490 
72.454768 69.505957 66.304943 63.202004 60.454894 58.185211 56.410946 55.090352 54.159153 53.558077 53.250835 53.231502 53.518577 54.132703 55.057351 56.185583 57.260147 57.820348 57.192005 54.639151 
69.336583 63.957700 58.961123 54.522431 50.768998 47.740487 45.400837 43.668792 42.450039 41.664277 41.264343 41.244561 41.634504 42.475194 43.778670 45.478127 47.382945 49.160480 50.378434 50.660411 
67.109614 59.817840 53.290159 47.661510 42.996240 39.277660 36.424258 34.318676 32.838782 31.885033 31.400674 31.381061 31.867733 32.924249 34.595652 36.860712 39.593267 42.553396 45.429442 47.943658 
65.506166 56.767379 49.020797 42.408463 36.971550 32.661129 29.363645 26.933439 25.225493 24.124191 23.564871 23.544292 24.115301 25.362659 27.362188 30.132924 33.598470 37.575621 41.803255 46.010711 
64.363783 54.562359 45.888882 38.505468 32.449550 27.656405 23.992337 21.291653 19.392125 18.165687 17.541567 17.517956 18.157372 19.562492 21.834597 25.024250 29.089840 33.880353 39.152189 44.616823 
63.564904 53.003658 43.649989 35.686630 29.155310 23.985125 20.030841 17.113614 15.059125 13.730249 13.051741 13.023062 13.714391 15.242432 17.727970 21.244622 25.774019 31.183047 37.232279 43.613197 
63.017511 51.925810 42.087378 33.702361 26.819198 21.365711 17.190550 14.106668 11.931638 10.522042 9.799504 9.764513 10.492976 12.111951 14.756373 18.516032 23.387875 29.249073 35.860125 42.896848 
62.647699 51.191639 41.014990 32.331677 25.196648 19.538329 15.202081 11.995669 9.731263 8.261155 7.504844 7.463600 8.217397 9.900560 12.657838 16.590096 21.704588 27.885160 34.891950 42.390385 
62.394593 50.686225 40.274402 31.383936 24.074764 18.275575 13.829044 10.538957 8.213508 6.701956 5.922355 5.876529 6.647159 8.373344 11.206347 15.254683 20.533258 26.931684 34.211400 42.032186 
62.204259 50.307528 39.725427 30.691718 23.268440 17.381853 12.870192 9.532624 7.173571 5.639826 4.848400 4.801422 5.583108 7.335298 10.213425 14.331856 19.712810 26.253300 33.719460 41.769622 
62.021081 49.952361 39.230595 30.096701 22.609044 16.685093 12.153785 8.806917 6.444150 4.909824 4.120079 4.077012 4.865204 6.627509 9.522076 13.669152 19.100778 25.726428 33.323110 41.552166 
61.774941 49.496147 38.633484 29.430377 21.928857 16.024717 11.528268 8.218765 5.889105 4.380880 3.609434 3.576340 4.365221 6.118331 8.995954 13.126405 18.557890 25.222741 32.920476 41.322289 
61.360390 48.762842 37.730048 28.491491 21.044781 15.239921 10.853300 7.644189 5.396362 3.948651 3.215887 3.198528 3.977603 5.693001 8.507175 12.560911 17.929797 24.587809 32.379578 41.001217 
60.597731 47.476529 36.230768 27.022778 19.745799 14.162849 9.995057 6.973803 4.872789 3.529537 2.859468 2.861411 3.611696 5.245397 7.926824 11.814763 17.028241 23.613660 31.504925 40.462647 
59.147690 45.176222 33.711467 24.692865 17.791195 12.622116 8.829523 6.113907 4.242900 3.057533 2.476630 2.497251 3.188234 4.675731 7.123061 10.710052 15.616226 22.004153 29.979720 39.475524 
56.294801 41.058731 29.558578 21.099059 14.931516 10.463204 7.256640 4.994308 3.451963 2.484499 2.019485 2.052731 2.641894 3.897201 5.972160 9.060712 13.408235 19.337324 27.260382 37.559290 
50.323282 33.706530 22.953581 15.830202 10.970945 7.591410 5.225576 3.581630 2.472251 1.782910 1.457786 1.492639 1.929489 2.852238 4.386694 6.713753 10.111787 15.054601 22.394673 33.567473 
36.508656 20.795020 13.073641 8.667398 5.889032 4.034813 2.764859 1.892910 1.308880 0.948587 0.781378 0.804521 1.040112 1.533906 2.358868 3.631557 5.561971 8.594757 13.826339 24.348453 
