85.550983 88.662948 89.318278 89.109665 88.613495 88.061817 87.553791 87.131352 86.810336 86.594677 86.482566 86.467495 86.535031 86.655016 86.767297 86.754892 86.386341 85.171188 81.944749 73.531008 
78.790653 80.190304 80.036504 79.140121 77.984154 76.825853 75.793740 74.946473 74.306375 73.878045 73.657201 73.631922 73.777013 74.041401 74.327060 74.454939 74.106730 72.720008 69.308563 62.270860 
74.826348 73.917890 72.339613 70.420199 68.450724 66.623854 65.047734 63.773330 62.818205 62.183010 61.860073 61.834106 62.075225 62.524700 63.073782 63.535619 63.610350 62.848566 60.643619 56.370752 
72.123391 69.148195 66.064184 63.017141 60.171611 57.651156 55.527987 53.833349 52.573016 51.740462 51.324201 51.307807 51.662411 52.332662 53.218247 54.154312 54.896576 55.123171 54.480137 52.722285 
70.131553 65.451039 60.998644 56.872021 53.174262 49.981184 47.332555 45.238280 43.690334 42.673978 42.174183 42.175219 42.653096 43.562288 44.819836 46.291618 47.787589 49.075738 49.928089 50.210434 
68.616894 62.568384 56.953517 51.870915 47.400786 43.592167 40.461706 38.001539 36.191145 35.008226 34.434952 34.457485 35.058552 36.204754 37.832108 39.834824 42.063314 44.337731 46.481703 48.374221 
67.456591 60.329046 53.763893 47.875485 42.740105 38.394316 34.840441 32.057764 30.015914 28.686501 28.049757 28.094293 28.809833 30.174749 32.141945 34.627852 37.509543 40.633979 43.840457 46.991648 
66.570440 58.603297 51.281107 44.736435 39.049751 34.253374 30.341618 27.285163 25.046442 23.592483 22.902279 22.966919 23.782472 25.337460 27.598417 30.497976 33.929839 37.753524 41.809037 45.937541 
65.896163 57.281615 49.366559 42.300467 36.170729 31.009395 26.806430 23.526725 21.127414 19.572024 18.838645 18.920490 19.818897 21.530616 24.032780 27.269745 31.145783 35.526157 40.246782 45.129787 
65.379553 56.264541 47.887849 40.413904 33.937134 28.490381 24.060544 20.607839 18.084886 16.452074 15.686479 15.782805 16.746507 18.580904 21.271571 24.771996 28.994240 33.807076 39.042190 44.506871 
64.969364 55.456390 46.715063 38.923284 32.181084 26.520809 21.925255 18.349226 15.740299 14.055240 13.269498 13.378454 14.390665 16.314919 19.144240 22.840578 27.323676 32.466617 38.098986 44.017165 
64.612918 54.758849 45.715221 37.672568 30.733367 24.925474 20.223898 16.575184 13.919866 12.209693 11.417412 11.538157 12.582836 14.565332 17.486430 21.317835 25.989420 31.381968 37.326743 43.612487 
64.250238 54.061906 44.743321 36.496632 29.420304 23.529597 18.784524 15.118024 12.460053 10.755107 9.971800 10.104087 11.164815 13.173363 16.139961 20.049509 24.847323 30.428490 36.632132 43.242461 
63.804390 53.229348 43.628324 35.210902 28.057806 22.156669 17.440416 13.820216 11.210544 9.545895 8.789221 8.932504 9.990457 11.989024 14.950851 18.879747 23.745419 29.468749 35.907800 42.847236 
63.163686 52.074166 42.151782 33.597297 26.444279 20.626206 16.030582 12.536115 10.036349 8.453272 7.743065 7.895271 8.926606 10.870934 13.767049 17.645415 22.513492 28.337240 35.015164 42.345192 
62.145156 50.314483 40.015769 31.387742 24.355449 18.754579 14.402837 11.135310 8.820656 7.367553 6.725512 6.881723 7.854958 9.687768 12.438245 16.171832 20.951283 26.818318 33.754548 41.608369 
60.410619 47.490906 36.797165 28.250233 21.547244 16.363560 12.422392 9.509328 7.469567 6.201539 5.650425 5.801908 6.676258 8.323504 10.820969 14.274071 18.818617 24.615235 31.809748 40.406357 
57.250312 42.809915 31.893772 23.792828 17.778364 13.302755 9.988531 7.582520 5.918826 4.894956 4.457167 4.591325 5.317470 6.688263 8.793178 11.771589 15.837644 21.313846 28.643354 38.261910 
50.957957 34.870378 24.507161 17.624977 12.871424 9.491810 7.059733 5.325840 4.141124 3.418656 3.114162 3.216026 3.740949 4.734921 6.282186 8.528721 11.733426 16.370874 23.314171 34.034174 
36.820811 21.368108 13.839951 9.554702 6.831322 4.980450 3.681453 2.768696 2.150614 1.776199 1.620054 1.675517 1.952190 2.477486 3.304518 4.533387 6.365131 9.245133 14.279979 24.578538 
