86.037383 89.585258 90.611407 90.701891 90.434049 90.046933 89.650451 89.298370 89.016867 88.816624 88.697729 88.650568 88.653633 88.667780 88.624614 88.402288 87.769857 86.243623 82.671453 73.894058 
79.707774 81.930862 82.478990 82.150143 81.428711 80.584756 79.766718 79.055283 78.492043 78.094159 77.860847 77.774346 77.796262 77.858803 77.848668 77.577871 76.729203 74.752972 70.686499 62.959569 
76.099932 76.337038 75.736854 74.609454 73.247298 71.860511 70.584753 69.501561 68.655307 68.064127 67.725207 67.615116 67.685566 67.854527 67.991939 67.898419 67.275487 65.691250 62.571572 57.335079 
73.669880 72.088104 70.195119 68.113070 66.007586 64.023282 62.265989 60.804509 59.677633 58.900414 58.467386 58.352090 58.502915 58.835662 59.223491 59.485710 59.379182 58.602940 56.842347 53.904968 
71.866830 68.752182 65.638936 62.596914 59.729870 57.137384 54.897633 53.063618 51.665318 50.712892 50.198303 50.094274 50.350533 50.888073 51.592922 52.311998 52.855604 53.014626 52.605087 51.552261 
70.463205 66.082720 61.894236 57.965325 54.376478 51.202519 48.502139 46.314833 44.661941 43.548661 42.964926 42.884162 43.259984 44.021728 45.070589 46.278908 47.496181 48.566213 49.359375 49.818456 
69.347012 63.928617 58.823880 54.113925 49.875122 46.171321 43.049545 40.539544 38.655634 37.398821 36.757649 36.707074 37.205519 38.191119 39.578839 41.260642 43.111129 45.000689 46.816483 48.487197 
68.450784 62.184074 56.312702 50.934897 46.131282 41.962557 38.469527 35.675397 33.589131 32.208369 31.520713 31.502897 32.118103 33.312449 35.012170 37.123284 39.535395 42.130544 44.796437 47.440722 
67.724730 60.763249 54.255587 48.316798 43.034772 38.470675 34.661953 31.627075 29.370596 27.887173 27.163529 27.178004 27.898059 29.276710 31.249274 33.731947 36.623443 39.810232 43.174798 46.604817 
67.125370 59.587243 52.549490 46.142980 40.463227 35.572552 31.505519 28.275966 25.883858 24.320531 23.571422 23.616031 24.425560 25.959145 28.159970 30.952562 34.242301 37.917678 41.855109 45.925346 
66.609658 58.576288 51.087493 44.289293 38.283537 33.131965 28.864376 25.488200 22.997298 21.378484 20.615016 20.686952 21.568868 23.225869 25.609026 28.651361 32.265284 36.342074 40.753674 45.356906 
66.130504 57.643105 49.752787 42.620550 36.351439 31.002085 26.592916 23.121029 20.571187 18.923592 18.158004 18.254368 19.190589 20.938355 23.457980 26.693160 30.566286 34.974861 39.789701 44.856146 
65.631319 56.684537 48.410593 40.984959 34.509302 29.026411 24.539159 21.027874 18.463709 16.817379 16.063524 16.181363 17.152459 18.956476 21.565694 24.938764 29.013861 33.701357 38.876727 44.376202 
65.037075 55.568331 46.895848 39.205733 32.582329 27.038859 22.547562 19.062782 16.536259 14.925908 14.199625 14.335473 15.319343 17.140901 19.788317 23.241660 27.464247 32.390801 37.912145 43.859710 
64.237296 54.109986 44.993787 37.069401 30.374127 24.864398 20.462561 17.085328 14.658807 13.125175 12.444453 12.593479 13.563316 15.355838 17.979643 21.444570 25.752725 30.882390 36.760848 43.226923 
63.050219 52.029961 42.409669 34.311516 27.664069 22.322699 18.134689 14.967188 12.716124 11.306839 10.691655 10.846655 11.768734 13.473431 15.993534 19.377395 23.683590 28.964509 35.226189 42.351521 
61.139336 48.871929 38.724344 30.604358 24.212126 19.238913 15.431662 12.601540 10.615348 9.384537 8.856187 9.006819 9.839066 11.381390 13.691086 16.860225 21.021621 26.344746 32.995174 41.004803 
57.797233 43.846586 33.341003 25.561804 19.782567 15.467486 12.256648 9.915724 8.294630 7.300269 6.880062 7.012910 7.705730 8.995290 10.956440 13.718950 17.495066 22.614121 29.534120 38.711461 
51.320600 35.558105 25.468035 18.800768 14.205369 10.934798 8.574006 6.885789 5.731275 5.029480 4.736740 4.836816 5.337865 6.275630 7.725006 9.825945 12.836337 17.235408 23.906091 34.332815 
37.000030 21.708271 14.315794 10.137878 7.494142 5.698866 4.436828 3.548176 2.946148 2.582519 2.432121 2.486029 2.749742 3.245791 4.022879 5.178320 6.912791 9.674029 14.573457 24.726568 
