86.333422 90.154110 91.422461 91.720116 91.622889 91.370675 91.075758 90.794846 90.556711 90.373623 90.245935 90.163088 90.101893 90.021530 89.852760 89.474452 88.658404 86.925808 83.131299 74.123649 
80.273344 83.018279 84.030394 84.099131 83.705798 83.121860 82.500067 81.926500 81.447532 81.083235 80.833293 80.678179 80.576387 80.457068 80.205454 79.635044 78.433948 76.061826 71.568885 63.400236 
76.898326 77.873072 77.929649 77.365875 76.469638 75.452801 74.456875 73.570804 72.845537 72.303197 71.941572 71.734730 71.630042 71.541233 71.336252 70.817882 69.695178 67.549441 63.824692 57.961142 
74.657803 73.989998 72.911808 71.529908 70.004009 68.480654 67.072731 65.858056 64.883433 64.168744 63.709182 63.475121 63.409526 63.422898 63.385899 63.120475 62.392782 60.918148 58.404385 54.685775 
72.998072 70.931381 68.753438 66.515974 64.315689 62.254201 60.417667 58.869349 57.648344 56.770261 56.227701 55.989610 55.999323 56.171577 56.389357 56.502455 56.331701 55.686591 54.408860 52.454458 
71.691918 68.451137 65.280844 62.228530 59.366770 56.772503 54.513090 52.639208 51.182115 50.152875 49.541964 49.318469 49.428755 49.795033 50.314874 50.863479 51.301605 51.493200 51.336607 50.808083 
70.630271 66.403574 62.364352 58.572314 55.095355 51.999518 49.340982 47.161308 45.485246 44.319891 43.654175 43.458205 43.682419 44.257060 45.092879 46.084480 47.118005 48.084804 48.901328 49.531425 
69.750292 64.691620 59.901073 55.454775 51.424626 47.873612 44.851996 42.395146 40.522711 39.238465 38.530193 38.369341 38.710519 39.491318 40.633211 42.044495 43.626218 45.281579 46.928047 48.509128 
69.007667 63.239860 57.800680 52.783007 48.266044 44.313348 40.971949 38.272560 36.230418 34.846199 34.106572 33.984247 34.437698 35.410957 36.834125 38.625247 40.694098 42.947985 45.298896 47.670178 
68.364524 61.980135 55.975455 50.459671 45.519895 41.220934 37.606872 34.703614 32.521565 31.057818 30.297505 30.214278 30.770136 31.914998 33.586523 35.710657 38.203259 40.972914 43.924669 46.963993 
67.783028 60.842723 54.332889 48.378840 43.074505 38.484173 34.646901 31.581751 29.292553 27.771488 27.001275 26.956040 27.601176 28.892584 30.775689 33.184557 36.041366 39.256419 42.728901 46.348744 
67.220609 59.749105 52.768786 46.421322 40.804471 35.977403 31.969340 28.788327 26.428416 24.874685 24.106146 24.096890 24.815901 26.225941 28.281765 30.927830 34.095506 37.699993 41.637536 45.784432 
66.624413 58.603392 51.158860 44.448651 38.567871 33.561749 29.441284 26.196838 23.807992 22.249762 21.495883 21.519963 22.295147 23.792710 25.979674 28.815267 32.245816 36.197855 40.570126 45.227202 
65.922412 57.279193 49.346513 42.294780 36.202547 31.085271 26.922470 23.677402 21.309225 19.779532 19.055213 19.109126 19.919475 21.468311 23.739035 26.712212 30.358446 34.626927 39.429295 44.622332 
65.006552 55.596734 47.123792 39.754834 33.522158 28.384131 24.269371 21.102231 18.815115 17.353228 16.675560 16.754293 17.573730 19.129099 21.424879 24.471386 28.277128 32.833015 38.084471 43.892378 
63.697091 53.280404 44.201579 36.571403 30.314234 25.287002 21.342143 18.353066 16.220815 14.873116 14.261299 14.357468 15.152835 16.657406 18.900597 21.931269 25.813470 30.610272 36.342986 42.913046 
61.659315 49.877329 40.165606 32.422811 26.345676 21.626613 18.016539 15.331463 13.442113 12.261705 11.736437 11.839617 12.569368 13.949814 16.035675 18.919559 22.738779 27.671448 33.895421 41.457463 
58.187482 44.601403 34.423549 26.928428 21.386995 17.264177 14.202870 11.972190 10.424829 9.468894 9.051088 9.147920 9.763008 10.929994 12.721937 15.269141 18.787319 23.612331 30.211389 39.051999 
51.579906 36.059868 26.188074 19.710383 15.274063 12.132447 9.872206 8.258270 7.153480 6.477566 6.186357 6.262059 6.710718 7.566113 8.902073 10.859008 13.697182 17.900185 24.357055 34.559554 
37.128753 21.957482 14.673664 10.590336 8.026187 6.295611 5.084153 4.232933 3.655964 3.305332 3.155605 3.197112 3.434358 3.888968 4.609187 5.692617 7.341152 10.004710 14.797732 24.839321 
