86.534071 90.542846 91.982389 92.431192 92.463089 92.316988 92.104906 91.883687 91.682359 91.513373 91.377128 91.263033 91.147969 90.991528 90.725466 90.230428 89.280873 87.401503 83.451175 74.283346 
80.659815 83.767323 85.109768 85.470489 85.326900 84.948462 84.487298 84.029638 83.622260 83.285534 83.019208 82.803716 82.597736 82.331274 81.891543 81.095525 79.636476 76.980832 72.186915 63.708832 
77.449550 78.941911 79.470560 79.324529 78.786039 78.063963 77.298766 76.579470 75.957483 75.455274 75.070687 74.777735 74.524085 74.224735 73.750521 72.909235 71.417310 68.865718 64.710049 58.403325 
75.348156 75.329267 74.843524 73.986486 72.910625 71.758578 70.641759 69.637925 68.794324 68.131167 67.643655 67.302069 67.049748 66.798812 66.423573 65.752286 64.560366 62.575268 59.519294 55.242778 
73.799175 72.486309 70.997344 69.370955 67.695283 66.067240 64.571099 63.269891 62.203080 61.386539 60.812787 60.450601 60.243718 60.108743 59.932902 59.573313 58.861570 57.621250 55.710926 53.105202 
72.574364 70.164871 67.755188 65.378253 63.097034 60.983111 59.101595 57.502745 56.218068 55.258781 54.615155 54.255995 54.128040 54.155510 54.240620 54.266628 54.106150 53.638662 52.781092 51.530298 
71.565118 68.220060 64.988398 61.914240 59.055123 56.471239 54.216218 52.331009 50.840473 49.751714 49.053306 48.714936 48.687338 48.902799 49.276938 49.712865 50.109276 50.373996 50.443210 50.302668 
70.710239 66.557882 62.598387 58.891674 55.498832 52.476675 49.872690 47.721456 46.042574 44.839668 44.100000 43.794443 43.877783 44.289612 44.956325 45.794913 46.719307 47.649649 48.523726 49.307632 
69.967869 65.107586 60.501433 56.225907 52.349238 48.928655 46.008258 43.617817 41.772362 40.472251 39.703469 39.438000 39.634356 40.238462 41.185262 42.401453 43.809686 45.334243 46.907502 48.475499 
69.303050 63.806600 58.617783 53.829620 49.518353 45.742466 42.543033 39.944889 37.958073 36.579206 35.792589 35.571011 35.876376 36.660345 37.865237 39.425412 41.269312 43.322143 45.508946 47.757464 
68.681034 62.591138 56.863425 51.607615 46.907115 42.820029 39.382399 36.612115 34.512500 33.075128 32.281765 32.105571 32.511731 33.457721 34.893360 36.760739 38.994078 41.519612 44.255720 47.113732 
68.062278 61.388527 55.142564 49.451346 44.402657 40.049753 36.418897 33.516890 31.337159 29.864061 29.075579 28.944778 29.440349 30.526460 32.161950 34.298780 36.879619 39.834631 43.078102 46.506454 
67.396749 60.108351 53.338799 47.232354 41.874880 37.306062 33.534058 30.547942 28.326580 26.844192 26.073448 25.986918 26.557414 27.757461 29.557810 31.924583 34.814492 38.167834 41.899945 45.893918 
66.614962 58.629162 51.302673 44.793683 39.172375 34.449131 30.600791 27.589324 25.373111 23.912910 23.174562 23.129928 23.756872 25.038560 26.961745 29.513191 32.672846 36.402265 40.627998 45.223466 
65.611105 56.775561 48.832564 41.938521 36.118357 31.325905 27.487323 24.525709 22.372667 20.972571 20.283421 20.276490 20.935776 22.257494 24.249079 26.926298 30.305840 34.389440 39.135550 44.419589 
64.207404 54.275773 45.644909 38.416549 32.508761 27.774558 24.064181 21.249862 19.231862 17.937122 17.316086 17.340074 18.000055 19.306905 21.292579 24.010581 27.531901 31.928768 37.233497 43.359789 
62.070867 50.680297 41.330333 33.912329 28.117894 23.636193 20.216273 17.673090 15.876650 14.739471 14.207006 14.251933 14.872207 16.092701 17.970235 20.601208 24.128566 28.737819 34.615698 41.818845 
58.497289 45.206025 35.300858 28.050782 22.722852 18.779483 15.862080 13.738879 12.261961 11.338863 10.915709 10.968549 11.500909 12.547040 14.181637 16.537900 19.835812 24.416811 30.754782 39.324653 
51.786369 36.462909 26.773075 20.459049 16.165469 13.143941 10.980082 9.438180 8.380619 7.726720 7.431923 7.478142 7.871394 8.645906 9.876638 11.705965 14.397016 18.437106 24.719714 34.741527 
37.231547 22.158199 14.965091 10.963425 8.470564 6.800018 5.636773 4.821599 4.268259 3.928621 3.777061 3.803772 4.013266 4.427416 5.095052 6.114774 7.689915 10.272250 14.978426 24.929988 
