86.679322 90.825544 92.391830 92.954289 93.084906 93.021237 92.874362 92.700517 92.528377 92.370238 92.226540 92.086953 91.928897 91.712847 91.371853 90.788303 89.738837 87.750746 83.685783 74.400494 
80.941037 84.314795 85.902899 86.484054 86.532062 86.313719 85.979281 85.613759 85.263204 84.947666 84.666966 84.402049 84.112657 83.730532 83.145420 82.177690 80.524843 77.658323 72.642059 63.936125 
77.853349 79.728246 80.610080 80.781196 80.518575 80.027191 79.444761 78.858484 78.318670 77.847291 77.442274 77.078371 76.704788 76.239042 75.555630 74.467231 72.696387 69.841269 65.365512 58.730706 
75.857916 76.322281 76.283042 75.827264 75.100726 74.241058 73.356115 72.521261 71.782284 71.158715 70.645827 70.214819 69.810981 69.349628 68.709716 67.725689 66.180690 63.811271 60.349897 55.657717 
74.396045 73.649444 72.684099 71.528667 70.263363 68.979131 67.755966 66.653997 65.710887 64.941638 64.338807 63.872221 63.487890 63.106171 62.619736 61.892971 60.766530 59.074655 56.687832 53.593343 
73.238239 71.459095 69.632782 67.781008 65.957823 64.228050 62.651922 61.276350 60.130735 59.225241 58.550113 58.075285 57.750005 57.502658 57.241523 56.857953 56.234657 55.262991 53.873151 52.076123 
72.275558 69.605638 66.999341 64.488666 62.121489 59.950650 58.024424 56.380054 55.040028 54.010225 53.279119 52.817549 52.578899 52.499903 52.502664 52.498962 52.398309 52.121263 51.618233 50.890127 
71.447252 67.995892 64.686292 61.565710 58.685098 56.093510 53.832743 51.933398 50.412491 49.272272 48.499813 48.067118 47.931683 48.037688 48.318250 48.699357 49.106175 49.472074 49.749634 49.920711 
70.712532 66.561136 62.612775 58.931058 55.573853 52.590421 50.018976 47.885133 46.201186 44.965996 44.165263 43.772051 43.747563 44.042331 44.598083 45.350607 46.233922 47.185696 48.153287 49.098704 
70.037961 65.241708 60.703186 56.502604 52.705871 49.363475 46.510553 44.167703 42.342144 41.028907 40.211927 39.864988 39.952606 40.430963 41.249059 42.350234 43.674156 45.159271 46.745434 48.376198 
69.390597 63.977296 58.878491 54.191448 49.989490 46.322889 43.221823 40.699967 38.757802 37.385262 36.563679 36.267109 36.463217 37.113820 38.175183 39.598066 41.327547 43.302664 45.456130 47.714580 
68.732844 62.698994 57.048311 51.895910 47.319956 43.366190 40.055218 37.389741 35.360388 33.949876 33.135697 32.891710 33.188917 33.995571 35.276596 36.992157 39.095193 41.527991 44.218408 47.077367 
68.016644 61.320217 55.101773 49.494571 44.575498 40.377199 36.902492 34.136557 32.055575 30.632165 29.838481 29.647785 30.034994 30.976405 32.448395 34.424678 36.871477 39.740310 42.959083 46.424319 
67.174436 59.723256 52.894833 46.837379 41.612907 37.225360 33.646666 30.835184 28.746791 27.340727 26.582316 26.444011 26.905564 27.953541 29.579781 31.777914 34.536483 37.827188 41.587937 45.704291 
66.102224 57.736255 50.231010 43.734102 38.263228 33.766497 30.165675 27.380614 25.340647 23.988761 23.282466 23.193529 23.707605 24.823899 26.554322 28.920683 31.947231 35.644616 39.981270 44.843278 
64.623920 55.090740 46.831540 39.940573 34.329735 29.847122 26.339189 23.675349 21.753881 20.500509 19.865234 19.819788 20.356546 21.488930 23.252712 25.706534 28.927811 32.996339 37.952902 43.720250 
62.408082 51.340246 42.291475 35.147046 29.593538 25.316091 22.060634 19.639793 17.921928 16.818542 16.274713 16.263453 16.783862 17.862894 19.560474 21.977178 25.261164 29.604074 35.199494 42.111392 
58.751929 45.704460 36.026918 28.983698 23.838033 20.049265 17.256410 15.225908 13.808569 12.911145 12.479472 12.489853 12.946693 13.885830 15.384321 17.578535 20.692397 25.071981 31.196346 39.545943 
51.956471 36.795918 27.258244 21.082553 16.910914 13.992862 11.912394 10.432576 9.414927 8.778236 8.477745 8.495547 8.838256 9.541173 10.680850 12.401787 14.969758 18.875172 25.014961 34.889496 
37.316379 22.324294 15.207109 11.274492 8.842519 7.223655 6.102069 5.317912 4.784508 4.453455 4.299033 4.311529 4.495758 4.874139 5.496303 6.461917 7.975634 10.490775 15.125704 25.003800 
