86.788613 91.038756 92.701465 93.350997 93.557776 93.558099 93.462070 93.325224 93.175790 93.025871 92.875963 92.716054 92.524158 92.261631 91.862700 91.211212 90.085534 88.014900 83.863172 74.489093 
81.153337 84.729023 86.504550 87.255011 87.451166 87.357339 87.121875 86.828400 86.522088 86.222601 85.929869 85.625458 85.270269 84.797765 84.099985 83.000144 81.199097 78.172068 72.987074 64.108460 
78.159515 80.325731 81.478069 81.893647 81.845029 81.533597 81.094276 80.612241 80.136510 79.688478 79.266223 78.845387 78.376856 77.780637 76.934542 75.655366 73.670490 70.583536 65.864041 58.979747 
76.246466 77.080705 77.385076 77.239980 76.785557 76.154833 75.452075 74.750038 74.092834 73.499236 72.964689 72.461519 71.937144 71.310049 70.463402 69.236879 67.419771 64.755553 60.984182 55.974619 
74.853737 74.543055 73.982886 73.194008 72.249940 71.236152 70.228358 69.283556 68.437391 67.703938 67.075928 66.524503 65.998176 65.421037 64.690727 63.677800 62.230161 60.190214 57.437277 53.967841 
73.750682 72.459876 71.087723 69.647062 68.184392 66.758345 65.424292 64.225579 63.189290 62.324505 61.621633 61.052057 60.567816 60.101473 59.566874 58.862281 57.878531 56.516128 54.715163 52.496953 
72.827793 70.684442 68.568158 66.501331 64.523639 62.681176 61.016907 59.564162 58.342869 57.357686 56.597222 56.033851 55.623950 55.308745 55.016340 54.665964 54.175899 53.476569 52.529064 51.345441 
72.024284 69.123475 66.326526 63.670603 61.198021 58.950713 56.964848 55.266863 53.871032 52.778269 51.975742 51.437028 51.122727 50.981706 50.953347 50.971429 50.970286 50.893611 50.705161 50.398466 
71.299788 67.709047 64.283078 61.075159 58.134308 55.502455 53.212011 51.284275 49.728675 48.542655 47.711966 47.211235 47.004802 47.047958 47.288803 47.671056 48.138073 48.638044 49.129720 49.587013 
70.621660 66.383008 62.364360 58.635605 55.253782 52.262026 49.689621 47.552799 45.855861 44.592370 43.746259 43.292834 43.199706 43.427771 43.932362 44.664701 45.573749 46.608419 47.719909 48.863630 
69.958023 65.087101 60.494287 56.266767 52.469179 49.144570 46.317359 43.996900 42.180770 40.857419 40.008131 39.608407 39.628899 40.035995 40.792112 41.855678 43.180807 44.716727 46.407196 48.190399 
69.272535 63.754846 58.585979 53.871413 49.680999 46.053539 43.004092 40.531181 38.622612 37.259636 36.419660 36.077886 36.208138 36.783007 37.773266 39.146373 40.863874 42.877755 45.126394 47.531720 
68.518505 62.302312 56.532395 51.333013 46.773271 42.879304 39.648709 37.062722 35.094846 33.716287 32.899087 32.617730 32.849745 33.575453 34.776670 36.433896 38.521362 40.999617 43.806361 46.848370 
67.629787 60.614545 54.193483 48.506616 43.608853 39.498181 36.141739 33.494257 31.509132 30.144290 29.364922 29.144569 29.465345 30.317461 31.697694 33.605834 36.037696 38.973180 42.359092 46.090305 
66.503799 58.522450 51.376774 45.207131 40.024919 35.772953 32.368735 29.728873 27.780477 26.465346 25.740848 25.579703 25.969636 26.913072 28.426276 30.536494 33.274395 36.657865 40.663188 45.184671 
64.965836 55.760258 47.807443 41.195450 35.830786 31.557010 28.216911 25.677109 23.833964 22.612165 21.961580 21.854742 22.285789 23.270886 24.849517 27.084958 30.060093 33.860884 38.534804 44.011605 
62.685789 51.884114 43.084349 36.166728 30.813433 26.705897 23.587048 21.267220 19.613196 18.535625 17.979469 17.918385 18.352910 19.312227 20.859282 23.098421 26.182245 30.307407 35.672927 42.348458 
58.962147 46.116206 36.627251 29.755853 24.761906 21.101931 18.412654 16.458769 15.089880 14.212081 13.771120 13.743790 14.135583 14.984034 16.368488 18.428174 21.390384 25.604983 31.555143 39.725618 
52.097137 37.071459 27.660023 21.599372 17.529332 14.697543 12.686463 11.257978 10.272796 9.649263 9.342561 9.335113 9.634264 10.276456 11.339776 12.970641 15.437078 19.232036 25.255194 35.009803 
37.386597 22.461845 15.407690 11.532519 9.151286 7.575506 6.488578 5.730060 5.212868 4.888381 4.730847 4.730722 4.893188 5.241235 5.825264 6.745901 8.208925 10.668922 15.245629 25.063858 
