86.872701 91.202988 92.940265 93.657329 93.923338 93.973529 93.917165 93.809162 93.677354 93.533680 93.378699 93.202697 92.984216 92.685371 92.241359 91.537205 90.352620 88.218327 83.999772 74.557337 
81.317025 85.048749 86.969487 87.851483 88.163023 88.166363 88.008200 87.770949 87.499010 87.211718 86.909129 86.573388 86.166426 85.623186 84.837603 83.635180 81.719395 78.568367 73.253198 64.241419 
78.396252 80.788197 82.150651 82.756606 82.875034 82.704311 82.376967 81.976407 81.550522 81.120229 80.683779 80.217653 79.674228 78.975651 78.002483 76.574826 74.423861 71.157394 66.249425 59.172305 
76.547960 77.669760 78.241883 78.339460 78.098039 77.646795 77.086926 76.488913 75.895416 75.324585 74.772080 74.211287 73.591527 72.834005 71.825395 70.409589 68.380715 65.487582 61.475831 56.220295 
75.210328 75.239871 74.996603 74.495043 73.803259 73.002137 72.163733 71.342333 70.571840 69.865574 69.216507 68.597026 67.957891 67.226408 66.304366 65.067306 63.368859 61.057738 58.019989 54.259054 
74.151729 73.243708 72.228234 71.111084 69.932594 68.746212 67.603159 66.543700 65.592931 64.759059 64.032749 63.386772 62.775683 62.135663 61.385217 60.428223 59.161958 57.494026 55.372093 52.825298 
73.262067 71.533384 69.803646 68.087566 66.418119 64.835744 63.378878 62.077475 60.949279 59.997977 59.212430 58.566501 58.019282 57.515909 56.989533 56.365463 55.568955 54.538133 53.242292 51.701974 
72.480341 70.015183 67.624513 65.337406 63.189100 61.215551 59.448129 57.909689 56.612174 55.555445 54.726914 54.101701 53.643246 53.304515 53.030187 52.760424 52.436892 52.011373 51.456251 50.773980 
71.766299 68.621387 65.611369 62.781219 60.172673 57.821509 55.755185 53.991293 52.536842 51.388165 50.531234 49.942237 49.588406 49.429215 49.418178 49.505547 49.642179 49.784545 49.900232 49.972296 
71.087700 67.294617 63.691861 60.340989 57.291733 54.581037 52.233197 50.260699 48.665389 47.439688 46.567726 46.026344 45.786028 45.811848 46.064539 46.501849 47.080237 47.756895 48.491860 49.249689 
70.413306 65.977852 61.791675 57.933791 54.461664 51.412256 48.805069 46.645759 44.929469 43.643501 42.769305 42.283866 42.160628 42.370049 42.879820 43.654743 44.656262 45.841699 47.163455 48.568666 
69.707598 64.606204 59.826227 55.465317 51.586431 48.222523 45.383916 43.065562 41.252908 39.926080 39.062619 38.639128 38.632088 39.017970 39.772586 40.869483 42.277214 43.955507 45.851007 47.894209 
68.924838 63.097595 57.691161 52.822460 48.554130 44.906812 41.873646 39.432503 37.554650 36.210220 35.371360 35.013846 35.117679 35.666799 36.647725 38.046645 39.844335 42.008580 44.484810 47.187809 
67.999920 61.339099 55.249368 49.864037 45.232105 41.346524 38.170347 35.655211 33.752453 32.419000 31.620122 31.330528 31.534573 32.225763 33.405155 35.077722 37.245243 39.894213 42.978484 46.400234 
66.831357 59.163755 52.311476 46.408933 41.462270 37.409828 34.165469 31.643043 29.767819 28.480695 27.739098 27.516771 27.803422 28.604382 29.939709 31.841234 34.344908 37.474453 41.212395 45.459509 
65.245555 56.307972 48.605835 42.222112 37.058812 32.955655 29.752305 27.313011 25.532549 24.334826 23.669751 23.510728 23.853584 24.716966 26.143596 28.200668 30.975576 34.559268 39.004550 44.246699 
62.913520 52.330078 43.734487 37.002829 31.813614 27.845139 24.837777 22.599920 20.997052 19.939178 19.371290 19.267752 19.630474 20.490662 21.913898 24.007718 26.928397 30.876649 36.055833 42.540105 
59.134843 46.454421 37.120347 30.390039 25.520600 21.966164 19.361515 17.469867 16.139833 15.277018 14.827189 14.767674 15.105008 15.878261 17.168778 19.118209 21.956632 26.036992 31.845751 39.871076 
52.212833 37.298052 27.990397 22.024296 18.037702 15.276653 13.322300 11.935539 10.976408 10.362926 10.050287 10.021273 10.283931 10.875729 11.876099 13.433079 15.816563 19.521561 25.449960 35.107292 
37.444382 22.575021 15.572705 11.744764 9.405216 7.864776 6.806186 6.068509 5.564329 5.244858 5.084354 5.073450 5.217682 5.540552 6.093135 6.976866 8.398457 10.813524 15.342904 25.112549 
