86.938248 91.331078 93.126618 93.896504 94.208882 94.298130 94.272826 94.187380 94.069307 93.930417 93.771332 93.582594 93.343185 93.015839 92.536539 91.791234 90.560694 88.376789 84.106183 74.610510 
81.444797 85.298455 87.332791 88.317791 88.719759 88.799277 88.701702 88.508457 88.263319 87.985372 87.674794 87.314226 86.866464 86.267653 85.413258 84.130595 82.125195 78.877417 73.460739 64.345130 
78.581400 81.150061 82.677176 83.432459 83.682004 83.621754 83.382290 83.045577 82.658597 82.241895 81.793903 81.291819 80.689268 79.910146 78.837227 77.293242 75.012345 71.605594 66.550426 59.322726 
76.784318 78.131753 78.914162 79.202481 79.128573 78.818501 78.370961 77.854589 77.310873 76.757488 76.190314 75.583654 74.888418 74.028045 72.892033 71.327629 69.132762 66.060388 61.860539 56.412560 
75.490656 75.787873 75.794125 75.518947 75.026026 74.392540 73.687566 72.963187 72.251908 71.566473 70.900110 70.226287 69.497647 68.644143 67.570912 66.157477 64.261974 61.738040 58.476927 54.487437 
74.467984 73.862020 73.128189 72.266633 71.312729 70.315723 69.323462 68.373707 67.489964 66.679777 65.934090 65.226888 64.514844 63.737121 62.816004 61.659859 60.171048 58.262731 55.888454 53.083405 
73.605672 72.205259 70.781690 69.343541 67.918379 66.542062 65.249338 64.067423 63.012317 62.086970 61.280538 60.568190 59.911314 59.258283 58.546351 57.705703 56.667124 55.374773 53.804340 51.982945 
72.842447 70.723336 68.655510 66.661558 64.771000 63.014942 61.420847 60.008662 58.788471 57.759348 56.908996 56.213903 55.639923 55.143425 54.673411 54.175182 53.596229 52.894700 52.049723 51.070691 
72.138036 69.348480 66.670091 64.141165 61.797548 59.670018 57.781996 56.148070 54.773319 53.653250 52.774120 52.113511 51.641121 51.319916 51.107844 50.960430 50.834513 50.693106 50.510720 50.277546 
71.460395 68.023691 64.753617 61.705021 58.921706 56.435579 54.266869 52.425029 50.909947 49.713199 48.819186 48.206134 47.846996 47.710334 47.761326 47.963006 48.277832 48.669557 49.105168 49.556382 
70.778677 66.692702 62.832862 59.271577 56.060481 53.231576 50.800355 48.769477 47.132149 45.874827 44.979212 44.423634 44.183949 44.234032 44.545927 45.089618 45.832430 46.738120 47.765911 48.869964 
70.057915 65.291694 60.824784 56.748494 53.120173 49.968002 47.298435 45.103536 43.366876 42.067752 41.183936 40.693310 40.574657 40.807722 41.372487 42.247466 43.406853 44.816547 46.429741 48.183672 
69.253047 63.739907 58.626938 54.025107 49.991784 46.543118 43.668610 41.343404 39.536997 38.218731 37.360957 36.940642 36.939938 37.345845 38.148788 39.339608 40.904368 42.816637 45.027981 47.459511 
68.299743 61.925928 56.104408 50.963042 46.546002 42.842122 39.811116 37.402116 35.564828 34.255447 33.439419 33.092534 33.201107 33.761437 34.778146 36.260457 38.214981 40.633497 43.475468 46.648853 
67.097359 59.684443 53.070221 47.384260 42.628413 38.737354 35.621972 33.193884 31.376901 30.111263 29.354547 29.081450 29.283414 29.968248 31.159170 32.891783 35.206321 38.131202 41.653926 45.680405 
65.473194 56.753603 49.255261 43.056983 38.057096 34.092174 30.999329 28.640890 26.910378 25.731131 25.053185 24.850753 25.121145 25.885128 27.188127 29.100563 31.713500 35.121899 39.382828 44.435961 
63.099169 52.693533 44.264192 37.683837 32.627967 28.772310 25.855150 23.683311 22.121246 21.078494 20.500148 20.361229 20.664858 21.443966 22.766342 24.742153 27.530666 31.335870 36.364599 42.694596 
59.275806 46.730406 37.522592 30.907203 26.139053 22.670323 20.134207 18.292725 16.993706 16.142400 15.684646 15.598274 15.890738 16.602417 17.816332 19.676132 22.414165 26.385864 32.080330 39.988452 
52.307345 37.483099 28.260109 22.371072 18.452407 15.748838 13.840451 12.487336 11.549011 10.943251 10.625302 10.578281 10.810850 11.361359 12.310361 13.807236 16.123400 19.755530 25.607281 35.186013 
37.491603 22.667477 15.707465 11.918030 9.612423 8.100703 7.065079 6.344214 5.850427 5.534812 5.371652 5.351748 5.480944 5.783183 6.310100 7.163800 8.551756 10.930418 15.421504 25.151879 
