86.989750 91.431753 93.273120 94.084571 94.433440 94.553422 94.552547 94.484819 94.377503 94.242311 94.079923 93.881093 93.625161 93.275359 92.768291 91.990644 90.724012 88.501163 84.189709 74.652254 
81.545288 85.494897 87.618664 88.684781 89.157971 89.297477 89.247584 89.088929 88.864793 88.594071 88.277055 87.896798 87.416795 86.774161 85.865580 84.519797 82.443959 79.120176 73.623773 64.426612 
78.727208 81.435103 83.092007 83.965024 84.317950 84.344785 84.174550 83.888066 83.531595 83.125405 82.668091 82.137449 81.488119 80.645403 79.493842 77.858245 75.475107 71.958028 66.787124 59.441029 
76.970760 78.496257 79.444668 79.883591 79.941946 79.743303 79.384361 78.932286 78.427645 77.887753 77.308697 76.665543 75.910494 74.968792 73.732192 72.050596 69.724928 66.511393 62.163452 56.563965 
75.712211 76.221057 76.424636 76.328509 75.992858 75.491894 74.892314 74.244445 73.579692 72.910368 72.229943 71.512786 70.713080 69.762913 68.570107 67.017338 64.966302 62.274498 58.837254 54.667550 
74.718476 74.351823 73.841171 73.182158 72.406192 71.559155 70.686195 69.823078 68.992060 68.200191 67.438682 66.682533 65.890156 65.003126 63.946759 62.632991 60.968205 58.869930 56.296321 53.287294 
73.878465 72.738719 71.558291 70.340846 69.109615 67.896785 66.734151 65.646752 64.649212 63.743938 62.920369 62.154775 61.410433 60.638341 59.779052 58.766637 57.536261 56.036844 54.249096 52.205290 
73.130639 71.286965 69.476110 67.715461 66.029952 64.446796 62.990325 61.678173 60.518965 59.511188 58.642838 57.891562 57.225202 56.602897 55.977134 55.297318 54.515567 53.595062 52.520235 51.305929 
72.434642 69.928625 67.514819 65.226160 63.093760 61.144376 59.398199 57.867423 56.555613 55.457663 54.560126 53.841765 53.274323 52.823613 52.451165 52.116730 51.781909 51.414894 50.995663 50.520018 
71.758521 68.606869 65.602847 62.795900 60.225066 57.918200 55.892266 54.154302 52.702664 51.528301 50.615902 49.944878 49.490226 49.223370 49.113085 49.126652 49.231316 49.396037 49.593299 49.800467 
71.071673 67.265903 63.667643 60.343998 57.341902 54.689365 52.398661 50.470063 48.895261 47.660086 46.746515 46.134033 45.800504 45.722609 45.875926 46.234611 46.770695 47.453057 48.246321 49.110206 
70.339509 65.842643 61.627233 57.779470 54.352179 51.369689 48.835353 46.738929 45.062521 43.784819 42.883848 42.338598 42.129776 42.239822 42.652109 43.349163 44.309700 45.504543 46.892081 48.414894 
69.517460 64.257287 59.380559 54.993430 51.149013 47.859830 45.112460 42.879875 41.130182 39.832149 38.958357 38.486808 38.401456 38.691829 39.351537 40.375185 41.753083 43.463424 45.462656 47.676913 
68.541779 62.399560 56.794361 51.849626 47.605621 44.047856 41.133359 38.809267 37.024009 35.733243 34.902627 34.508890 34.539994 34.994551 35.880096 37.209298 38.992655 41.226180 43.873806 46.848093 
67.312478 60.105433 53.683531 48.172410 43.570445 39.809351 36.797623 34.445096 32.674444 31.425425 30.655799 30.341095 30.474217 31.065027 32.139333 33.735799 35.898114 38.658458 42.008310 45.857669 
65.657567 57.114445 49.780976 43.732605 38.864671 35.011209 32.007273 29.713665 28.022923 26.857971 26.168996 25.930927 26.142324 26.825712 28.028734 29.824436 32.306841 35.574139 39.686805 44.588019 
63.249716 52.988188 44.693497 38.235580 33.287496 29.522893 26.678376 24.559514 23.029960 21.998911 21.411582 21.243578 21.499038 22.212330 23.453054 25.333519 28.015410 31.705350 36.612957 42.818836 
59.390219 46.954345 37.848876 31.326556 26.640343 23.240836 20.759949 18.958750 17.684456 16.842058 16.377488 16.269017 16.524874 17.186530 18.338382 20.125706 22.782689 26.666765 32.269151 40.082912 
52.384099 37.633333 28.479007 22.652413 18.788724 16.131601 14.260272 12.934188 12.012454 11.412673 11.090153 11.028307 11.236318 11.753267 12.660630 14.108880 16.370665 19.944006 25.733976 35.249394 
37.529960 22.742556 15.816859 12.058631 9.780499 8.291990 7.274886 6.567528 6.082031 5.769403 5.603957 5.576643 5.693564 5.979031 6.485139 7.314539 8.675321 11.024604 15.484817 25.183553 
