87.030425 91.511273 93.388853 94.233149 94.610853 94.755114 94.773525 94.719772 94.620921 94.488610 94.323573 94.116732 93.847719 93.480160 92.951157 92.147975 90.852861 88.599289 84.255611 74.685194 
81.624704 85.650162 87.844639 88.974894 89.504392 89.691311 89.679084 89.547722 89.340122 89.075033 88.752845 88.356950 87.851404 87.174100 86.222686 84.827043 82.695587 79.311808 73.752477 64.490944 
78.842543 81.660601 83.420210 84.386394 84.821118 84.916834 84.801324 84.554500 84.222062 83.824069 83.359256 82.805910 82.119486 81.226414 80.012638 78.304614 75.840682 72.236444 66.974120 59.534501 
77.118407 78.784945 79.864860 80.423083 80.586191 80.475768 80.186924 79.785660 79.311820 78.782449 78.193815 77.521607 76.719077 75.712904 74.396642 72.622301 70.193167 66.868009 62.402977 56.683699 
75.887903 76.564598 76.924693 76.970574 76.759628 76.363699 75.847591 75.260241 74.632191 73.975430 73.283639 72.531932 71.675731 70.648840 69.361218 67.698049 65.523840 62.699140 59.122482 54.810134 
74.917418 74.740851 74.407470 73.909317 73.274630 72.546605 71.768241 70.973727 70.184336 69.406750 68.632416 67.837171 66.980832 66.006915 64.843155 63.404325 61.599995 59.351147 56.619564 53.448889 
74.095478 73.163112 72.176111 71.134208 70.057173 68.974258 67.914907 66.902432 65.950383 65.060758 64.223252 63.415045 62.600944 61.734061 60.757587 59.608690 58.226009 56.562229 54.602025 52.381735 
73.360303 71.736130 70.130034 68.555241 67.033011 65.587446 64.240384 63.007628 61.896656 60.905519 60.022482 59.226146 58.485974 57.763341 57.013521 56.189197 55.246166 54.151592 52.894105 51.492854 
72.671436 70.391767 68.189141 66.092191 64.128240 62.320829 60.687571 59.238764 57.976788 56.896080 55.983464 55.218686 54.575157 54.020990 53.520591 53.037088 52.535876 51.989255 51.381532 50.712952 
71.996958 69.073258 66.281942 63.668121 61.267006 59.103209 57.191092 55.535777 54.134419 52.977505 52.049988 51.332268 50.801017 50.429973 50.190806 50.054197 49.991208 49.974942 49.982243 49.994949 
71.306422 67.725110 64.336327 61.202901 58.367998 55.856425 53.677888 51.830768 50.305567 49.087653 48.159262 47.500849 47.091920 46.911436 46.937823 47.148583 47.519507 48.023549 48.629633 49.301883 
70.565505 66.284759 62.271071 58.606512 55.340271 52.493589 50.067340 48.049454 46.420888 45.159879 44.244701 43.655269 43.373874 43.385143 43.675194 44.229772 45.031212 46.054265 47.261456 48.599611 
69.730004 64.673113 59.986148 55.771386 52.078510 48.917138 46.271511 44.112874 42.408255 41.125988 40.238885 39.725817 39.572224 39.769691 40.314405 41.203999 42.432188 43.980860 45.810353 47.850797 
68.736616 62.780767 57.349563 52.562890 48.457868 45.017337 42.196181 39.939948 38.196072 36.919815 36.077038 35.645267 35.613825 35.983207 36.763310 37.969578 39.615631 41.700868 44.192792 47.007626 
67.485869 60.444694 54.177666 48.807251 44.329021 40.672312 37.743705 35.451622 33.717846 32.481780 31.701363 31.352833 31.430301 31.945305 32.925754 34.412782 36.452855 39.081170 42.292379 45.999744 
65.806335 57.405543 50.204978 44.277363 39.515630 35.751769 32.819191 30.577481 28.918413 27.764603 27.066392 26.799314 26.962964 27.581305 28.703783 30.405561 32.783048 35.937019 39.930673 44.709992 
63.371295 53.226092 45.040030 38.680818 33.819548 30.128196 27.342019 25.265594 23.761945 22.740019 22.145155 21.953451 22.169893 22.830023 24.004913 25.808605 28.404731 32.002027 36.812340 42.918562 
59.482675 47.135266 38.112412 31.665164 27.044981 23.701190 21.264681 19.495765 18.241181 17.405728 16.935433 16.808943 17.035129 17.656355 18.758139 20.487073 23.078825 26.892435 32.420816 40.158772 
52.446148 37.754754 28.655876 22.879668 19.060296 16.440570 14.599027 13.294612 12.386108 11.790991 11.464630 11.390691 11.578788 12.068603 12.942363 14.351424 16.569428 20.095475 25.835774 35.300312 
37.560974 22.803246 15.905263 12.172219 9.916238 8.446420 7.444204 6.747676 6.268791 5.958493 5.791126 5.757767 5.864735 6.136639 6.625951 7.435764 8.774664 11.100309 15.535696 25.209002 
