87.062658 91.574296 93.480579 94.350911 94.751467 94.914964 94.948649 94.905955 94.813792 94.683743 94.516582 94.303374 94.023979 93.642342 93.095957 92.272551 90.954883 88.676985 84.307796 74.711281 
81.687666 85.773269 88.023819 89.204935 89.779078 90.003577 90.021191 89.911435 89.716903 89.456233 89.129901 88.721569 88.195744 87.490940 86.505571 85.070417 82.894902 79.463601 73.854430 64.541909 
78.934041 81.839509 83.680613 84.720720 85.220335 85.370678 85.298547 85.083134 84.769697 84.378135 83.907305 83.335888 82.619996 81.686957 80.423832 78.658382 76.130411 72.457098 67.122327 59.608589 
77.235637 79.014172 80.198513 80.851465 81.097733 81.057321 80.824077 80.463078 80.013602 79.492487 78.896156 78.200803 77.360520 76.303139 74.923642 73.075712 70.564508 67.150824 62.592941 56.778663 
76.027535 76.837639 77.322134 77.480871 77.369007 77.056501 76.606650 76.067292 75.468290 74.821387 74.120448 73.341184 72.440020 71.352131 69.989177 68.238335 65.966344 63.036163 59.348862 54.923307 
75.075699 75.050374 74.858033 74.487843 73.965511 73.332094 72.628880 71.888809 71.132385 70.366006 69.581325 68.754859 67.847559 66.804490 65.555320 64.017080 62.101867 59.733398 56.876332 53.577259 
74.268340 73.501164 72.668224 71.766112 70.811830 69.832288 68.855063 67.902098 66.986100 66.108754 65.259978 64.417694 63.547943 62.605533 61.535761 60.278262 58.774435 56.979953 54.882632 52.522027 
73.543468 72.094350 70.651532 69.224907 67.832800 66.496829 65.236849 64.067207 62.994486 62.016405 61.121461 60.289039 59.489909 58.687239 57.838538 56.899100 55.827646 54.594508 53.191646 51.641618 
72.860529 70.761599 68.727569 66.783630 64.954068 63.259861 61.716566 60.332977 59.110546 58.043365 57.118494 56.316486 55.612100 54.975300 54.372795 53.770411 53.136562 52.446818 51.688924 50.866648 
72.187607 69.446151 66.824854 64.365350 62.099788 60.050188 58.228839 56.639342 55.277912 54.134684 53.194850 52.439618 51.847018 51.392654 51.050517 50.794007 50.597231 50.436587 50.292389 50.150028 
71.494357 68.092715 64.871564 61.890307 59.189083 56.790143 54.701144 52.918965 51.433179 50.228804 49.288307 48.592939 48.123545 47.860920 47.785779 47.878303 48.117286 48.478932 48.935583 49.454869 
70.746652 66.639101 62.787022 59.269178 56.131838 53.393776 51.053888 49.098654 47.508130 46.260214 45.333400 44.708371 44.368702 44.300791 44.492960 44.933536 45.607749 46.493481 47.556555 48.747177 
69.900560 65.006753 60.471977 56.395389 52.823924 49.764870 47.200605 45.101006 43.432248 42.162347 41.264318 40.717752 40.509299 40.632210 41.084746 41.866971 42.975324 44.394644 46.088375 47.989828 
68.893124 63.086939 57.795410 53.135562 49.141987 45.795388 43.048933 40.846914 39.135983 37.871103 37.018324 36.555831 36.474054 36.775015 37.470517 38.578233 40.114283 42.080774 44.448058 47.135281 
67.625274 60.717419 54.574821 49.317396 44.938464 41.365452 38.503416 36.259653 34.555250 33.329341 32.540034 32.164149 32.196786 32.650844 33.555924 34.955149 36.897211 39.419718 42.519862 46.113509 
65.926036 57.639726 50.546017 44.715437 40.038987 36.347015 33.471621 31.271423 29.637594 28.492523 27.786690 27.496131 27.621290 28.187296 29.245051 30.871422 33.164731 36.227824 40.126080 44.807718 
63.469179 53.417596 45.318922 39.039071 34.247552 30.614999 27.875597 25.833130 24.350132 23.335362 22.734272 22.523372 22.708340 23.325673 24.447631 26.189651 28.716929 32.239896 36.972179 42.998501 
59.557144 47.280964 38.324599 31.937734 27.370624 24.071575 21.670659 19.927584 18.688717 17.858712 17.383684 17.242592 17.444833 18.033498 19.095009 20.777019 23.316386 27.073439 32.542445 40.219602 
52.496140 37.852563 28.798321 23.062650 19.278909 16.689220 14.871573 13.584507 12.686556 12.095096 11.765559 11.681817 11.853840 12.321796 13.168520 14.546080 16.728916 20.216993 25.917432 35.341151 
37.585963 22.852138 15.976468 12.263687 10.025517 8.570714 7.580442 6.892586 6.418976 6.110506 5.941550 5.903291 6.002224 6.263201 6.738998 7.533065 8.854386 11.161051 15.576514 25.229416 
