87.088261 91.624358 93.553445 94.444459 94.863167 95.041939 95.087749 95.053828 94.966965 94.838698 94.669839 94.451562 94.163915 93.771093 93.210904 92.371439 91.035868 88.738662 84.349223 74.731990 
81.737694 85.871092 88.166201 89.387732 89.997346 90.251697 90.293006 90.200396 90.016221 89.759037 89.429386 89.011151 88.469200 87.742540 86.730197 85.263665 83.053163 79.584131 73.935388 64.582382 
79.006777 81.981736 83.887630 84.986502 85.537696 85.731448 85.693773 85.503295 85.204924 84.818433 84.342783 83.756969 83.017633 82.052817 80.750472 78.939396 76.360551 72.632372 67.240057 59.667446 
77.328881 79.196505 80.463911 81.192209 81.504610 81.519859 81.330800 81.001779 80.571627 80.057023 79.454518 78.740714 77.870378 76.772258 75.342477 73.436048 70.859616 67.375581 62.743911 56.854139 
76.138673 77.054970 77.638482 77.887038 77.854016 77.607871 77.210704 76.709479 76.133526 75.494397 74.786109 73.984860 73.047878 71.911430 70.488535 68.667956 66.318201 63.304146 59.528871 55.013302 
75.201779 75.296930 75.216931 74.948655 74.515786 73.957676 73.314253 72.617466 71.887211 71.129669 70.336666 69.485269 68.537338 67.439180 66.122001 64.504632 62.501178 60.037530 57.080628 53.679398 
74.406150 73.770667 73.060539 72.269844 71.413375 70.516176 69.604334 68.698708 67.811339 66.943675 66.085821 65.216297 64.302140 63.299511 62.155393 60.811383 59.211078 57.312527 55.106038 52.633724 
73.689622 72.380181 71.067628 69.759192 68.470849 67.222239 66.031635 64.912230 63.869903 62.902116 61.997562 61.136265 60.290044 59.423507 58.495945 57.464736 56.290932 54.947384 53.428697 51.760140 
73.011550 71.056958 69.157551 67.335762 65.613454 64.009551 62.537977 61.206334 60.015340 58.958822 58.024044 57.192213 56.439173 55.736375 55.052370 54.355136 53.615496 52.811622 51.933994 50.989183 
72.340008 69.744222 67.258799 64.922591 62.765295 60.806861 59.057926 57.520884 56.191212 55.058772 54.108961 53.323647 52.681955 52.160985 51.736589 51.384337 51.080769 50.804909 50.539829 50.273751 
71.644724 68.386817 65.299746 62.440164 59.845792 57.536836 55.519319 53.788930 52.334508 51.140805 50.190485 49.465450 48.947623 48.619279 48.462963 48.461002 48.594585 48.842511 49.179843 49.577006 
70.891711 66.922832 63.200117 59.799678 56.765447 54.114224 51.843328 49.938087 48.377848 47.140252 46.203982 45.550345 45.163958 45.032644 45.146491 45.495896 46.068400 46.844387 47.792307 48.865062 
70.037247 65.274118 60.861256 56.895318 53.421037 50.443838 47.944612 45.892148 44.251953 42.991798 42.084874 41.511363 41.258892 41.322055 41.700780 42.397076 43.409565 44.725439 46.310622 48.100963 
69.018644 63.332467 58.152905 53.594685 49.690375 46.418966 43.732259 41.573548 39.888866 38.632954 37.772020 37.284791 37.162596 37.408689 38.036401 39.065194 40.513189 42.384659 44.652230 47.237380 
67.737150 60.936262 54.893471 49.726639 45.427285 41.921308 39.112543 36.907397 35.226405 34.008502 33.211937 32.814012 32.810628 33.215779 34.060432 35.389301 37.252864 39.690658 42.701903 46.204542 
66.022151 57.827742 50.819785 45.067047 40.458974 36.824605 33.994989 31.827979 30.214275 29.076091 28.364030 28.054541 28.148754 28.672743 29.678578 31.244498 33.470356 36.460655 40.282518 44.885949 
63.547809 53.571412 45.542895 39.326731 34.591158 31.005737 28.303794 26.288485 24.821958 23.812826 23.206646 22.980261 23.139914 23.722872 24.802353 26.494914 28.967004 32.430410 37.100186 43.062516 
59.616985 47.398026 38.495056 32.156662 27.632132 24.368956 21.996551 20.274148 19.047818 18.222108 17.743207 17.590332 17.773308 18.335811 19.364994 21.009362 23.506725 27.218446 32.639877 40.268327 
52.536319 37.931163 28.912773 23.209648 19.454499 16.888897 15.090394 13.817209 12.927677 12.339101 12.006964 11.915311 12.074399 12.524789 13.349806 14.702090 16.856723 20.314362 25.982855 35.373869 
37.606049 22.891431 16.033684 12.337174 10.113296 8.670535 7.689833 7.008916 6.539514 6.232486 6.062230 6.020016 6.112481 6.364677 6.829624 7.611055 8.918277 11.209726 15.609219 25.245772 
