87.108630 91.664190 93.611421 94.518890 94.952039 95.142962 95.198414 95.171467 95.088813 94.961957 94.791738 94.569423 94.275206 93.873485 93.302315 92.450079 91.100270 88.787710 84.382168 74.748461 
81.777505 85.948941 88.279513 89.533207 90.171046 90.449147 90.509302 90.430323 90.254377 89.999950 89.667644 89.241517 88.686727 87.942673 86.908868 85.417373 83.179043 79.680001 73.999784 64.614576 
79.064679 82.094960 84.052433 85.198085 85.790334 86.018631 86.008369 85.837721 85.551318 85.168842 84.689332 84.092043 83.334033 82.343919 81.010358 79.162975 76.543654 72.771824 67.333728 59.714276 
77.403139 79.341716 80.675276 81.463575 81.828634 81.888194 81.734300 81.430717 81.015921 80.506470 79.899020 79.170501 78.276217 77.145651 75.675834 73.722837 71.094488 67.554462 62.864069 56.914212 
76.227226 77.228136 77.890542 78.210659 78.240440 78.047147 77.691924 77.221043 76.663412 76.030436 75.316257 74.497463 73.531925 72.356785 70.886143 69.010025 66.598349 63.517513 59.672196 55.084959 
75.302292 75.493489 75.503049 75.316008 74.954438 74.456331 73.860531 73.198201 72.488755 71.738207 70.938525 70.067219 69.086877 67.944799 66.573420 64.893001 62.819250 60.279785 57.243360 53.760759 
74.516080 73.985647 73.373477 72.671641 71.893166 71.061609 70.201869 69.333944 68.469348 67.609346 66.744197 65.852905 64.903303 63.852638 62.649234 61.236258 59.559054 57.577562 55.284076 52.722739 
73.806282 72.608326 71.399738 70.185615 68.980058 67.801126 66.665832 65.586454 64.568312 63.608670 62.696386 61.811995 60.928163 60.010646 59.020163 57.915753 56.660326 55.228738 53.617700 51.854639 
73.132172 71.292859 69.500959 67.776702 66.140010 64.608171 63.193807 61.903571 60.737601 59.689521 58.746761 57.891060 57.099134 56.343623 55.594552 54.821618 53.997562 53.102633 52.129489 51.086930 
72.461812 69.982441 67.605590 65.367885 63.297063 61.411420 59.720276 58.225066 56.920682 55.796778 54.838920 54.029510 53.348554 52.774352 52.284245 51.855537 51.466707 51.098875 50.737312 50.372494 
71.764978 68.622010 65.642142 62.879825 60.370844 58.133772 56.173331 54.484262 53.054823 51.869563 50.911310 50.162493 49.605905 49.225004 49.003806 48.926348 48.975736 49.132836 49.374885 49.674530 
71.007791 67.149867 63.530644 60.224107 57.272319 54.690503 52.474721 50.609383 49.073277 47.843844 46.899927 46.223341 45.799541 45.617493 45.668703 45.945220 46.436434 47.124726 47.980643 48.959236 
70.146691 65.488177 61.172899 57.295506 53.898969 50.987225 48.539976 46.525150 44.907723 43.655276 42.741152 42.146010 41.858268 41.873596 42.193258 42.820824 43.756655 44.989830 46.488246 48.189781 
69.119198 63.529143 58.439246 53.962389 50.129520 46.918262 44.279324 42.155206 40.491454 39.242634 38.375093 37.867995 37.713396 37.915538 38.488979 39.454616 40.832168 42.627640 44.815473 47.319009 
67.826813 61.111642 55.148810 50.054538 45.818897 42.366566 39.600407 37.426117 35.763798 34.552227 33.749775 33.334138 33.301859 33.667818 34.464074 35.736620 37.537361 39.907374 42.847503 46.277350 
66.099212 57.978474 51.039242 45.348870 40.795562 37.207306 34.414315 32.273831 30.676181 29.543443 28.826328 28.501618 28.570999 29.061304 30.025542 31.543051 33.714909 36.646946 40.407679 44.948537 
63.610871 53.694763 45.722489 39.557365 34.866612 31.318932 28.646964 26.653366 25.199980 24.195309 23.584995 23.346156 23.485489 24.040880 25.086320 26.739261 29.167158 32.582881 37.202625 43.113742 
59.664988 47.491922 38.631766 32.332226 27.841816 24.607370 22.257784 20.551910 19.335586 18.513272 18.031226 17.868870 18.036378 18.577899 19.581168 21.195375 23.659096 27.334518 32.717862 40.307324 
52.568554 37.994217 29.004578 23.327546 19.595309 17.049001 15.265823 14.003738 13.120925 12.534630 12.200381 12.102362 12.251063 12.687362 13.494977 14.827008 16.959048 20.392311 26.035226 35.400058 
37.622165 22.922954 16.079581 12.396115 10.183693 8.750577 7.777537 7.102169 6.636126 6.330238 6.158926 6.113529 6.200801 6.445952 6.902199 7.673505 8.969433 11.248695 15.635401 25.258865 
