87.124856 91.695917 93.657602 94.578178 95.022829 95.223429 95.286558 95.265162 95.185856 95.060119 94.888815 94.663280 94.363829 93.955018 93.375103 92.512697 91.151551 88.826765 84.408402 74.761577 
81.809222 86.010961 88.369787 89.649105 90.309428 90.606446 90.681608 90.613481 90.444080 90.191842 89.857413 89.424993 88.859971 88.102058 87.051158 85.539783 83.279291 79.756350 74.051069 64.640216 
79.110817 82.185183 84.183759 85.366688 85.991647 86.247464 86.259038 86.104178 85.827300 85.448008 84.965411 84.358967 83.586072 82.575799 81.217369 79.341063 76.689500 72.882902 67.408342 59.751580 
77.462330 79.457462 80.843754 81.679877 82.086904 82.181773 82.055894 81.772569 81.369996 80.864634 80.253225 79.512964 78.599585 77.443157 75.941434 73.951330 71.281615 67.696981 62.959803 56.962076 
76.297834 77.366213 78.091527 78.468698 78.548548 78.397382 78.075584 77.628876 77.085830 76.457736 75.738838 74.906040 73.917724 72.711731 71.203026 69.282639 66.821612 63.687555 59.786419 55.142068 
75.382469 75.650280 75.731276 75.609027 75.304318 74.854054 74.296218 73.661343 72.968465 72.223467 71.418432 70.531226 69.525020 68.347908 66.933305 65.202613 63.072817 60.472909 57.373090 53.825621 
74.603806 74.157203 73.623201 72.992265 72.276013 71.496813 70.678621 69.840746 68.994287 68.140364 67.269363 66.360678 65.382779 64.293780 63.043078 61.575089 59.836554 57.788918 55.426054 52.793726 
73.899419 72.790469 71.664877 70.526036 69.386550 68.263216 67.172043 66.124580 65.125702 64.172523 63.254033 62.351180 61.437306 60.479091 59.438387 58.275565 56.955012 55.453186 53.768475 51.930026 
73.228518 71.481279 69.775240 68.128867 66.560532 65.086218 63.717506 62.460295 61.314264 60.272878 59.323704 58.448910 57.625910 56.828296 56.027272 55.193905 54.302470 53.334870 52.285499 51.164934 
72.559147 70.172799 67.882697 65.723684 63.721932 61.894415 60.249404 58.787570 57.503339 56.386207 55.421877 54.593182 53.880834 53.264097 52.721498 52.231730 51.774818 51.333554 50.894965 50.451322 
71.861118 68.810035 65.915857 63.231274 60.790526 58.610877 56.696014 55.039922 53.630400 52.451837 51.487198 50.719338 50.131745 49.708829 49.435779 49.298003 49.280134 49.364691 49.530642 49.752411 
71.100634 67.331447 63.794982 60.563521 57.677635 55.151284 52.979526 51.146044 49.629182 48.406225 47.456147 46.761174 46.307434 46.084811 46.085943 46.304204 46.730458 47.348681 48.131096 49.034465 
70.234261 65.659447 61.422231 57.615658 54.281288 51.421868 49.016153 47.031382 45.432113 44.185781 43.265852 42.653371 42.337391 42.314447 42.586872 43.159484 44.034037 45.201111 46.630187 48.260755 
69.199685 63.686562 58.668417 54.256657 50.480933 47.317773 44.717018 42.620531 40.973476 39.730281 38.857409 38.334377 38.153825 38.320790 38.850813 39.765936 41.087159 42.821869 44.945959 47.384255 
67.898607 61.252059 55.353232 50.317031 46.132367 42.722946 39.990850 37.841213 36.193792 34.987243 34.180039 33.750191 33.694764 34.029344 34.786870 36.014354 37.764845 40.080653 42.963914 46.335560 
66.160931 58.099189 51.214984 45.574537 41.065057 37.513693 34.749989 32.630703 31.045864 29.917447 29.196248 28.859323 28.908805 29.372133 30.303074 31.781842 33.910497 36.795930 40.507770 44.998586 
63.661389 53.793571 45.866338 39.742081 35.087205 31.569723 28.921730 26.945485 25.502587 24.501454 23.887799 23.638963 23.762007 24.295319 25.313503 26.934733 29.327265 32.704839 37.284560 43.154713 
59.703449 47.567148 38.741283 32.472857 28.009762 24.798309 22.466977 20.774315 19.565977 18.746357 18.261768 18.091802 18.246909 18.771619 19.754138 21.344201 23.780997 27.427374 32.780245 40.338519 
52.594384 38.044738 29.078130 23.421994 19.708102 17.177236 15.406318 14.153106 13.275656 12.691171 12.355214 12.252084 12.392457 12.817466 13.611145 14.926960 17.040918 20.454674 26.077124 35.421009 
37.635079 22.948213 16.116353 12.443335 10.240084 8.814689 7.847778 7.176846 6.713484 6.408501 6.236335 6.188382 6.271492 6.510998 6.960277 7.723477 9.010364 11.279874 15.656348 25.269339 
