87.137790 91.721210 93.694417 94.625443 95.079262 95.287576 95.356823 95.339850 95.263211 95.138364 94.966191 94.738088 94.434463 94.020000 93.433115 92.562603 91.192421 88.857892 84.429311 74.772031 
81.834509 86.060409 88.441762 89.741508 90.419756 90.731854 90.818978 90.759499 90.595312 90.344813 90.008687 89.571246 88.998064 88.229103 87.164574 85.637352 83.359195 79.817205 74.091948 64.660654 
79.147609 82.257129 84.288481 85.501134 86.152175 86.429933 86.458912 86.316636 86.047345 85.670585 85.185519 84.571771 83.787004 82.760655 81.382395 79.483031 76.805766 72.971451 67.467823 59.781319 
77.509538 79.549780 80.978129 81.852395 82.292891 82.415916 82.312373 82.045196 81.652360 81.150248 80.535674 79.786040 78.857428 77.680372 76.153204 74.133513 71.430815 67.810614 63.036134 57.000240 
76.354164 77.476369 78.251868 78.674554 78.794342 78.676775 78.381632 77.954196 77.422771 76.798558 76.075885 75.231905 74.225413 72.994806 71.455739 69.500045 66.999660 63.823161 59.877511 55.187612 
75.446450 75.775399 75.913400 75.842851 75.583509 75.171413 74.643856 74.030875 73.351201 72.610615 71.801294 70.901389 69.874539 68.669469 67.220378 65.449581 63.275077 60.626956 57.476570 53.877360 
74.673833 74.294147 73.822538 73.248192 72.581599 71.844178 71.059132 70.245224 69.413222 68.564132 67.688443 66.765861 65.765367 64.645769 63.357320 61.845432 60.057959 57.957547 55.539332 52.850364 
73.973790 72.935908 71.876585 70.797847 69.711107 68.632149 67.576185 66.554182 65.570663 64.622621 63.699155 62.781547 61.843678 60.852964 59.772169 58.562720 57.190188 55.632306 53.888801 51.990188 
73.305475 71.631780 69.994318 68.410145 66.896394 65.468007 64.135735 62.904876 61.774744 60.738678 59.784361 58.894300 58.046471 57.215228 56.372714 55.491095 54.545868 53.520254 52.410033 51.227202 
72.636920 70.324897 68.104102 66.007954 64.061370 62.280274 60.672096 59.236900 57.968742 56.856993 55.887468 55.043347 54.305908 53.655184 53.070654 52.532118 52.020837 51.520936 51.020843 50.514261 
71.937961 68.960316 66.134620 63.512155 61.125921 58.992145 57.113680 55.483913 54.090279 52.917038 51.947271 51.164171 50.551788 50.095291 49.780810 49.594845 49.523251 49.549864 49.655038 49.814610 
71.174865 67.476621 64.006313 60.834862 58.001644 55.519611 53.383021 51.574975 50.073465 48.855654 47.900625 47.190933 46.713247 46.458184 46.419291 46.590996 46.965346 47.527589 48.251284 49.094560 
70.304296 65.796417 61.621622 57.871671 54.586996 51.769394 49.396864 47.436097 45.851317 44.609844 43.685247 43.058881 42.720309 42.666758 42.901418 43.430103 44.255681 45.369933 46.743599 48.317464 
69.264071 63.812487 58.851731 54.492029 50.761997 47.637287 45.067044 42.992629 41.358898 40.120175 39.243013 38.707218 38.505896 38.644722 39.140024 40.014760 41.290954 42.977096 45.050240 47.436398 
67.956052 61.364410 55.516787 50.527034 46.383139 43.008025 40.303156 38.173215 36.537684 35.335126 34.524098 34.082863 34.008906 34.318381 35.044927 36.236377 37.946689 40.219162 43.056965 46.382088 
66.210326 58.195794 51.355618 45.755111 41.280688 37.758826 35.018535 32.916186 31.341573 30.216590 29.492103 29.145388 29.178938 29.620679 30.524982 31.972764 34.066870 36.915038 40.587788 45.038597 
63.701825 53.872656 45.981468 39.889909 35.263733 31.770404 29.141579 27.179201 25.744675 24.746355 24.130008 23.873159 23.983161 24.498800 25.495176 27.091039 29.455286 32.802352 37.350070 43.187470 
59.734238 47.627364 38.828945 32.585417 28.144175 24.951112 22.634376 20.952274 19.750310 18.932832 18.446195 18.270127 18.415304 18.926558 19.892471 21.463220 23.878479 27.501626 32.830128 40.363462 
52.615063 38.085182 29.137008 23.497594 19.798379 17.279866 15.518750 14.272631 13.399463 12.816417 12.479084 12.371856 12.505558 12.921530 13.704056 15.006899 17.106392 20.504545 26.110628 35.437762 
37.645418 22.968433 16.145790 12.481133 10.285220 8.866001 7.903991 7.236605 6.775384 6.471119 6.298266 6.248264 6.328039 6.563027 7.006730 7.763443 9.043098 11.304808 15.673099 25.277715 
