87.148107 91.741386 93.723783 94.663144 95.124277 95.338741 95.412868 95.399422 95.324908 95.200769 95.027903 94.797751 94.490795 94.071825 93.479379 92.602403 91.225015 88.882716 84.445986 74.780368 
81.854680 86.099855 88.499178 89.815221 90.507767 90.831892 90.928556 90.875973 90.715942 90.466829 90.129347 89.687898 89.108206 88.330431 87.255032 85.715169 83.422924 79.865742 74.124552 64.676956 
79.176961 82.314529 84.372030 85.608397 86.280245 86.575506 86.618368 86.486126 86.222884 85.848140 85.361101 84.741523 83.947282 82.908107 81.514029 79.596272 76.898505 73.042083 67.515269 59.805041 
77.547207 79.623444 81.085352 81.990052 82.457251 82.602740 82.517015 82.262717 81.877645 81.378121 80.761015 80.003899 79.063129 77.869614 76.322146 74.278848 71.549839 67.901265 63.097028 57.030686 
76.399120 77.564281 78.379832 78.838840 78.990499 78.899742 78.625865 78.213801 77.691643 77.070520 76.344826 75.491918 74.470917 73.220667 71.657372 69.673505 67.141718 63.931355 59.950189 55.223950 
75.497522 75.875273 76.058776 76.029494 75.806361 75.424725 74.921330 74.325815 73.656671 72.919597 72.106846 71.196799 70.153467 68.926081 67.449465 65.646660 63.436478 60.749883 57.559147 53.918647 
74.729742 74.403483 73.981688 73.452520 72.825568 72.121496 71.362904 70.568120 69.747647 68.902405 68.022963 67.089280 66.070743 64.926714 63.608130 62.061201 60.234668 58.092135 55.629741 52.895568 
74.033181 73.052054 72.045649 71.014905 69.970278 68.926749 67.898889 66.897204 65.925937 64.981984 64.054534 63.125133 62.168098 61.151432 60.038625 58.791951 57.377923 55.775292 53.984853 52.038213 
73.366946 71.751994 70.169306 68.634811 67.164652 65.772938 64.469759 63.259933 62.142485 61.110655 60.152216 59.249951 58.382286 57.524181 56.648533 55.728382 54.740201 53.668266 52.509463 51.276916 
72.699058 70.446416 68.280991 66.235060 64.332545 62.588523 61.009757 59.595826 58.340493 57.233028 56.259339 55.402883 54.645393 53.967516 53.349491 52.772003 52.217300 51.670572 51.121363 50.564522 
71.999370 69.080411 66.309436 63.736603 61.393924 59.296790 57.447396 55.838649 54.457692 53.288688 52.314807 51.519519 50.887321 50.403989 50.056404 49.831942 49.717432 49.697763 49.754392 49.864287 
71.234199 67.592659 64.175226 61.051734 58.260601 55.813976 53.705478 51.917744 50.428486 49.214772 48.255771 47.534304 47.037473 46.756480 46.685601 46.820108 47.152988 47.670508 48.347293 49.142566 
70.360288 65.905920 61.781023 58.076331 54.831374 52.047188 49.701170 47.759575 46.186359 44.948754 44.020410 43.382934 43.026295 42.948276 43.152750 43.646330 44.432771 45.504816 46.834211 48.362771 
69.315557 63.913178 58.998306 54.680223 50.986714 47.892734 45.346872 43.290088 41.666993 40.431827 39.551222 39.005211 38.787277 38.903604 39.371148 40.213603 41.453808 43.101136 45.133568 47.478064 
68.001995 61.454261 55.647583 50.694969 46.583667 43.235977 40.552866 38.438659 36.812620 35.613239 34.799139 34.348789 34.260008 34.549406 35.251183 36.413825 38.092021 40.329857 43.131328 46.419271 
66.249835 58.273063 51.468099 45.899532 41.453138 37.954861 35.233283 33.144466 31.578017 30.455766 29.728639 29.374086 29.394887 29.819363 30.702364 32.125372 34.191858 37.010239 40.651742 45.070576 
63.734173 53.935919 46.073561 40.008152 35.404925 31.930906 29.317402 27.366105 25.938264 24.942181 24.323673 24.060407 24.159972 24.661474 25.640410 27.215989 29.557623 32.880300 37.402435 43.213653 
59.758869 47.675538 38.899072 32.675456 28.251690 25.073332 22.768263 21.094598 19.897725 19.081952 18.593669 18.412714 18.549944 19.050433 20.003066 21.558369 23.956408 27.560982 32.870003 40.383401 
52.631608 38.117539 29.184110 23.558071 19.870595 17.361958 15.608679 14.368227 13.498478 12.916577 12.578139 12.467628 12.595993 13.004735 13.778341 15.070809 17.158735 20.544414 26.137411 35.451155 
37.653690 22.984611 16.169340 12.511370 10.321326 8.907045 7.948953 7.284400 6.824889 6.521197 6.347791 6.296148 6.373254 6.604627 7.043870 7.795397 9.069269 11.324741 15.686490 25.284411 
